date,total cases,total deaths,new cases,new deaths
2020-01-21,1,0,1,0
2020-01-22,1,0,0,0
2020-01-23,1,0,0,0
2020-01-24,2,0,1,0
2020-01-25,3,0,1,0
2020-01-26,5,0,2,0
2020-01-27,5,0,0,0
2020-01-28,5,0,0,0
2020-01-29,5,0,0,0
2020-01-30,6,0,1,0
2020-01-31,7,0,1,0
2020-02-01,8,0,1,0
2020-02-02,11,0,3,0
2020-02-03,11,0,0,0
2020-02-04,11,0,0,0
2020-02-05,12,0,1,0
2020-02-06,12,0,0,0
2020-02-07,12,0,0,0
2020-02-08,12,0,0,0
2020-02-09,12,0,0,0
2020-02-10,13,0,1,0
2020-02-11,13,0,0,0
2020-02-12,14,0,1,0
2020-02-13,15,0,1,0
2020-02-14,15,0,0,0
2020-02-15,15,0,0,0
2020-02-16,15,0,0,0
2020-02-17,25,0,10,0
2020-02-18,25,0,0,0
2020-02-19,25,0,0,0
2020-02-20,27,0,2,0
2020-02-21,30,0,3,0
2020-02-22,30,0,0,0
2020-02-23,30,0,0,0
2020-02-24,43,0,13,0
2020-02-25,45,0,2,0
2020-02-26,60,0,15,0
2020-02-27,60,0,0,0
2020-02-28,65,0,5,0
2020-02-29,70,1,5,1
2020-03-01,88,3,18,2
2020-03-02,104,6,16,3
2020-03-03,125,10,21,4
2020-03-04,161,12,36,2
2020-03-05,228,12,67,0
2020-03-06,311,15,83,3
2020-03-07,428,19,117,4
2020-03-08,547,22,119,3
2020-03-09,748,26,201,4
2020-03-10,1018,31,270,5
2020-03-11,1263,37,245,6
2020-03-12,1668,43,405,6
2020-03-13,2224,50,556,7
2020-03-14,2898,60,674,10
2020-03-15,3600,68,702,8
2020-03-16,4507,91,907,23
2020-03-17,5906,117,1399,26
2020-03-18,8350,162,2444,45
2020-03-19,12393,212,4043,50
2020-03-20,18012,277,5619,65
2020-03-21,24528,360,6516,83
2020-03-22,33073,458,8545,98
2020-03-23,43505,579,10432,121
2020-03-24,53938,785,10433,206
2020-03-25,68572,1054,14634,269
2020-03-26,85570,1353,16998,299
2020-03-27,102900,1770,17330,417
2020-03-28,123966,2300,21066,530
2020-03-29,142486,2718,18520,418
2020-03-30,163955,3368,21469,650
2020-03-31,188461,4304,24506,936
2020-04-01,215391,5325,26930,1021
2020-04-02,245108,6541,29717,1216
2020-04-03,277426,7932,32318,1391
2020-04-04,312525,9488,35099,1556
2020-04-05,338141,10856,25616,1368
2020-04-06,369057,12382,30916,1526
2020-04-07,399394,14616,30337,2234
2020-04-08,431214,16701,31820,2085
2020-04-09,465913,18821,34699,2120
2020-04-10,499386,21084,33473,2263
2020-04-11,531106,23168,31720,2084
2020-04-12,558249,24849,27143,1681
2020-04-13,584018,26613,25769,1764
2020-04-14,610709,29318,26691,2705
2020-04-15,640742,32070,30033,2752
2020-04-16,672355,34419,31613,2349
2020-04-17,703864,36708,31509,2289
2020-04-18,732262,38659,28398,1951
2020-04-19,757596,40179,25334,1520
2020-04-20,784991,42016,27395,1837
2020-04-21,810505,44688,25514,2672
2020-04-22,839336,47059,28831,2371
2020-04-23,873112,49228,33776,2169
2020-04-24,909853,51360,36741,2132
2020-04-25,944261,53327,34408,1967
2020-04-26,970996,54580,26735,1253
2020-04-27,994193,56022,23197,1442
2020-04-28,1018844,58416,24651,2394
2020-04-29,1045399,60930,26555,2514
2020-04-30,1075756,63140,30357,2210
2020-05-01,1109726,64902,33970,1762
2020-05-02,1139200,66485,29474,1583
2020-05-03,1165340,67816,26140,1331
2020-05-04,1187302,68905,21962,1089
2020-05-05,1211011,71139,23709,2234
2020-05-06,1235517,73847,24506,2708
2020-05-07,1263995,75805,28478,1958
2020-05-08,1291643,77380,27648,1575
2020-05-09,1316511,78834,24868,1454
2020-05-10,1336828,79766,20317,932
2020-05-11,1354449,80748,17621,982
2020-05-12,1376749,82400,22300,1652
2020-05-13,1397894,84168,21145,1768
2020-05-14,1424856,85906,26962,1738
2020-05-15,1451093,87499,26237,1593
2020-05-16,1474752,88724,23659,1225
2020-05-17,1493766,89568,19014,844
2020-05-18,1515593,90414,21827,846
2020-05-19,1536570,91934,20977,1520
2020-05-20,1559640,93411,23070,1477
2020-05-21,1585373,94722,25733,1311
2020-05-22,1609172,96010,23799,1288
2020-05-23,1631440,97060,22268,1050
2020-05-24,1651471,97680,20031,620
2020-05-25,1670571,98190,19100,510
2020-05-26,1689467,98937,18896,747
2020-05-27,1708211,100422,18744,1485
2020-05-28,1730723,101622,22512,1200
2020-05-29,1755271,102812,24548,1190
2020-05-30,1778668,103775,23397,963
2020-05-31,1799302,104379,20634,604
2020-06-01,1821199,105113,21897,734
2020-06-02,1841990,106195,20791,1082
2020-06-03,1861977,107184,19987,989
2020-06-04,1883593,108192,21616,1008
2020-06-05,1912302,109304,28709,1112
2020-06-06,1934818,110032,22516,728
2020-06-07,1953434,110422,18616,390
2020-06-08,1971641,111144,18207,722
2020-06-09,1990446,112174,18805,1030
2020-06-10,2013298,113103,22852,929
2020-06-11,2036500,113980,23202,877
2020-06-12,2061993,114759,25493,779
2020-06-13,2087327,115451,25334,692
2020-06-14,2106457,115768,19130,317
2020-06-15,2126574,116216,20117,448
2020-06-16,2151459,116985,24885,769
2020-06-17,2177114,117746,25655,761
2020-06-18,2205173,118473,28059,727
2020-06-19,2236009,119171,30836,698
2020-06-20,2268034,119717,32025,546
2020-06-21,2294413,119974,26379,257
2020-06-22,2324879,120334,30466,360
2020-06-23,2359939,121167,35060,833
2020-06-24,2396928,121934,36989,767
2020-06-25,2438101,124400,41173,2466
2020-06-26,2483629,125033,45528,633
2020-06-27,2525928,125544,42299,511
2020-06-28,2565436,125815,39508,271
2020-06-29,2604932,126162,39496,347
2020-06-30,2653321,127462,48389,1300
2020-07-01,2703296,128104,49975,642
2020-07-02,2758855,128827,55559,723
2020-07-03,2816009,129418,57154,591
2020-07-04,2866015,129679,50006,261
2020-07-05,2910782,129941,44767,262
2020-07-06,2958098,130332,47316,391
2020-07-07,3012182,131290,54084,958
2020-07-08,3071637,132238,59455,948
2020-07-09,3131526,133079,59889,841
2020-07-10,3199753,133907,68227,828
2020-07-11,3260474,134582,60721,675
2020-07-12,3318279,134977,57805,395
2020-07-13,3379846,135402,61567,425
2020-07-14,3445448,136356,65602,954
2020-07-15,3513790,137327,68342,971
2020-07-16,3589477,138285,75687,958
2020-07-17,3660400,139186,70923,901
2020-07-18,3722851,139961,62451,775
2020-07-19,3785126,140373,62275,412
2020-07-20,3845014,140904,59888,531
2020-07-21,3910291,142031,65277,1127
2020-07-22,3980030,143167,69739,1136
2020-07-23,4050036,144283,70006,1116
2020-07-24,4123561,145429,73525,1146
2020-07-25,4190337,146313,66776,884
2020-07-26,4244554,146753,54217,440
2020-07-27,4303735,148449,59181,1696
2020-07-28,4366851,149776,63116,1327
2020-07-29,4433633,151172,66782,1396
2020-07-30,4502581,152433,68948,1261
2020-07-31,4571669,153862,69088,1429
2020-08-01,4628497,154917,56828,1055
2020-08-02,4679291,155337,50794,420
2020-08-03,4726775,155945,47484,608
2020-08-04,4780324,157301,53549,1356
2020-08-05,4834047,158554,53723,1253
2020-08-06,4891561,159625,57514,1071
2020-08-07,4952718,160981,61157,1356
2020-08-08,5007958,161947,55240,966
2020-08-09,5056438,162486,48480,539
2020-08-10,5103611,163023,47173,537
2020-08-11,5156968,164474,53357,1451
2020-08-12,5211246,165952,54278,1478
2020-08-13,5265307,167165,54061,1213
2020-08-14,5324784,168341,59477,1176
2020-08-15,5375527,169400,50743,1059
2020-08-16,5417664,169914,42137,514
2020-08-17,5455187,170449,37523,535
2020-08-18,5498420,171798,43233,1349
2020-08-19,5541433,173093,43013,1295
2020-08-20,5587462,174136,46029,1043
2020-08-21,5636491,175297,49029,1161
2020-08-22,5681517,176247,45026,950
2020-08-23,5713850,176693,32333,446
2020-08-24,5754254,177197,40404,504
2020-08-25,5793437,178410,39183,1213
2020-08-26,5838756,179603,45319,1193
2020-08-27,5884366,180729,45610,1126
2020-08-28,5930930,181739,46564,1010
2020-08-29,5975540,182610,44610,871
2020-08-30,6008970,182984,33430,374
2020-08-31,6045455,183472,36485,488
2020-09-01,6089504,184563,44049,1091
2020-09-02,6121948,185639,32444,1076
2020-09-03,6168342,186717,46394,1078
2020-09-04,6220446,187697,52104,980
2020-09-05,6262700,188409,42254,712
2020-09-06,6292699,188820,29999,411
2020-09-07,6317865,189083,25166,263
2020-09-08,6346806,189541,28941,458
2020-09-09,6380138,190716,33332,1175
2020-09-10,6418198,191631,38060,915
2020-09-11,6465766,192858,47568,1227
2020-09-12,6504870,193559,39104,701
2020-09-13,6538213,193958,33343,399
2020-09-14,6575100,194408,36887,450
2020-09-15,6614317,195689,39217,1281
2020-09-16,6653585,196686,39268,997
2020-09-17,6698895,197535,45310,849
2020-09-18,6747782,198484,48887,949
2020-09-19,6789593,199154,41811,670
2020-09-20,6825949,199367,36356,213
2020-09-21,6880899,199797,54950,430
2020-09-22,6918290,200738,37391,941
2020-09-23,6959841,201828,41551,1090
2020-09-24,7005043,202713,45202,885
2020-09-25,7059624,203566,54581,853
2020-09-26,7102321,204335,42697,769
2020-09-27,7139619,204602,37298,267
2020-09-28,7176979,204952,37360,350
2020-09-29,7220676,205878,43697,926
2020-09-30,7262734,206852,42058,974
2020-10-01,7309152,207699,46418,847
2020-10-02,7362732,208564,53580,865
2020-10-03,7410511,209273,47779,709
2020-10-04,7445574,209606,35063,333
2020-10-05,7507986,210035,62412,429
2020-10-06,7550848,210756,42862,721
2020-10-07,7603865,211752,53017,996
2020-10-08,7660248,212680,56383,928
2020-10-09,7719210,213595,58962,915
2020-10-10,7770858,214187,51648,592
2020-10-11,7815641,214606,44783,419
2020-10-12,7863657,214957,48016,351
2020-10-13,7918051,215783,54394,826
2020-10-14,7977904,216792,59853,1009
2020-10-15,8043257,217585,65353,793
2020-10-16,8113720,218476,70463,891
2020-10-17,8166481,219154,52761,678
2020-10-18,8214363,219541,47882,387
2020-10-19,8279803,220058,65440,517
2020-10-20,8340397,220987,60594,929
2020-10-21,8404634,222195,64237,1208
2020-10-22,8479762,223023,75128,828
2020-10-23,8565059,223953,85297,930
2020-10-24,8643640,224825,78581,872
2020-10-25,8703355,225164,59715,339
2020-10-26,8777986,225701,74631,537
2020-10-27,8852373,226684,74387,983
2020-10-28,8934258,227702,81885,1018
2020-10-29,9024915,228706,90657,1004
2020-10-30,9124783,229674,99868,968
2020-10-31,9208993,230512,84210,838
2020-11-01,9283188,230940,74195,428
2020-11-02,9377201,231480,94013,540
2020-11-03,9469617,232610,92416,1130
2020-11-04,9577697,234226,108080,1616
2020-11-05,9699030,235334,121333,1108
2020-11-06,9831853,236582,132823,1248
2020-11-07,9957785,237589,125932,1007
2020-11-08,10061201,238053,103416,464
2020-11-09,10191642,238798,130441,745
2020-11-10,10331392,240262,139750,1464
2020-11-11,10474277,241693,142885,1431
2020-11-12,10637917,242865,163640,1172
2020-11-13,10819414,244255,181497,1390
2020-11-14,10978447,245465,159033,1210
2020-11-15,11113634,246088,135187,623
2020-11-16,11280194,246884,166560,796
2020-11-17,11441833,248491,161639,1607
2020-11-18,11614116,250415,172283,1924
2020-11-19,11801631,252376,187515,1961
2020-11-20,12000512,254333,198881,1957
2020-11-21,12172457,255758,171945,1425
2020-11-22,12313295,256601,140838,843
2020-11-23,12493028,257639,179733,1038
2020-11-24,12670781,259848,177753,2209
2020-11-25,12851382,262161,180601,2313
2020-11-26,12954275,263339,102893,1178
2020-11-27,13160250,264751,205975,1412
2020-11-28,13311458,265943,151208,1192
2020-11-29,13447830,266761,136372,818
2020-11-30,13615477,268031,167647,1270
2020-12-01,13799715,270639,184238,2608
2020-12-02,14000908,273525,201193,2886
2020-12-03,14218646,276381,217738,2856
2020-12-04,14450026,279018,231380,2637
2020-12-05,14655753,281208,205727,2190
2020-12-06,14827861,282319,172108,1111
2020-12-07,15032213,283853,204352,1534
2020-12-08,15251936,286674,219723,2821
2020-12-09,15471667,289830,219731,3156
2020-12-10,15696883,292771,225216,2941
2020-12-11,15977425,295726,280542,2955
2020-12-12,16184860,297981,207435,2255
2020-12-13,16369084,299338,184224,1357
2020-12-14,16570187,301016,201103,1678
2020-12-15,16773147,304041,202960,3025
2020-12-16,17018183,307652,245036,3611
2020-12-17,17255906,310950,237723,3298
2020-12-18,17507110,313820,251204,2870
2020-12-19,17701052,316381,193942,2561
2020-12-20,17880998,317810,179946,1429
2020-12-21,18082544,319773,201546,1963
2020-12-22,18284185,323012,201641,3239
2020-12-23,18511969,326424,227784,3412
2020-12-24,18705515,329248,193546,2824
2020-12-25,18806488,330377,100973,1129
2020-12-26,19023366,332023,216878,1646
2020-12-27,19175459,333253,152093,1230
2020-12-28,19364470,335152,189011,1899
2020-12-29,19565523,338780,201053,3628
2020-12-30,19794497,342588,228974,3808
2020-12-31,20025508,346050,231011,3462
2021-01-01,20172781,347970,147273,1920
2021-01-02,20464234,350343,291453,2373
2021-01-03,20666206,351694,201972,1351
2021-01-04,20918047,353743,251841,2049
2021-01-05,21153054,357432,235007,3689
2021-01-06,21409040,361396,255986,3964
2021-01-07,21689383,365507,280343,4111
2021-01-08,21990011,369402,300628,3895
2021-01-09,22242118,372663,252107,3261
2021-01-10,22450427,374440,208309,1777
2021-01-11,22676768,376488,226341,2048
2021-01-12,22906569,380894,229801,4406
2021-01-13,23136105,384824,229536,3930
2021-01-14,23375626,388804,239521,3980
2021-01-15,23615502,392553,239876,3749
2021-01-16,23817713,395894,202211,3341
2021-01-17,23987817,397624,170104,1730
2021-01-18,24128987,399065,141170,1441
2021-01-19,24315930,401836,186943,2771
2021-01-20,24501438,406216,185508,4380
2021-01-21,24691947,410351,190509,4135
2021-01-22,24883540,414082,191593,3731
2021-01-23,25051369,417404,167829,3322
2021-01-24,25181146,419219,129777,1815
2021-01-25,25337741,421126,156595,1907
2021-01-26,25488391,425223,150650,4097
2021-01-27,25644193,429326,155802,4103
2021-01-28,25810196,433194,166003,3868
2021-01-29,25975031,436794,164835,3600
2021-01-30,26108835,439435,133804,2641
2021-01-31,26222661,441299,113826,1864
2021-02-01,26364558,443249,141897,1950
2021-02-02,26479798,446860,115240,3611
2021-02-03,26600032,450703,120234,3843
2021-02-04,26725690,455820,125658,5117
2021-02-05,26855210,459390,129520,3570
2021-02-06,26960176,462052,104966,2662
2021-02-07,27047458,463353,87282,1301
2021-02-08,27140492,464936,93034,1583
2021-02-09,27236882,468106,96390,3170
2021-02-10,27331868,471360,94986,3254
2021-02-11,27437553,475238,105685,3878
2021-02-12,27537188,480701,99635,5463
2021-02-13,27621885,484073,84697,3372
2021-02-14,27685680,485154,63795,1081
2021-02-15,27740962,486148,55282,994
2021-02-16,27805504,487855,64542,1707
2021-02-17,27875699,490326,70195,2471
2021-02-18,27947509,492951,71810,2625
2021-02-19,28025535,495572,78026,2621
2021-02-20,28095281,497403,69746,1831
2021-02-21,28150478,498650,55197,1247
2021-02-22,28209955,500104,59477,1454
2021-02-23,28281868,502432,71913,2328
2021-02-24,28356102,505642,74234,3210
2021-02-25,28433989,508107,77887,2465
2021-02-26,28512331,510283,78342,2176
2021-02-27,28575034,511850,62703,1567
2021-02-28,28625959,512979,50925,1129
2021-03-01,28682681,514404,56722,1425
2021-03-02,28740325,515710,57644,1306
2021-03-03,28806976,518079,66651,2369
2021-03-04,28874297,520028,67321,1949
2021-03-05,28939995,522511,65698,2483
2021-03-06,28996581,523970,56586,1459
2021-03-07,29036710,524646,40129,676
2021-03-08,29131246,525466,94536,820
2021-03-09,29187154,527351,55908,1885
2021-03-10,29245366,528825,58212,1474
2021-03-11,29307783,530349,62417,1524
2021-03-12,29371984,532054,64201,1705
2021-03-13,29421570,533927,49586,1873
2021-03-14,29459576,534496,38006,569
2021-03-15,29516759,535245,57183,749
2021-03-16,29571323,536490,54564,1245
2021-03-17,29630260,537667,58937,1177
2021-03-18,29690729,539225,60469,1558
2021-03-19,29751393,540739,60664,1514
2021-03-20,29805836,541511,54443,772
2021-03-21,29840053,541959,34217,448
2021-03-22,29894782,542607,54729,648
2021-03-23,29951542,543500,56760,893
2021-03-24,30031482,545090,79940,1590
2021-03-25,30100610,546360,69128,1270
2021-03-26,30175138,547620,74528,1260
2021-03-27,30235860,548400,60722,780
2021-03-28,30280386,548890,44526,490
2021-03-29,30351137,549575,70751,685
2021-03-30,30413381,550522,62244,947
2021-03-31,30481337,551657,67956,1135
2021-04-01,30558562,552614,77225,957
2021-04-02,30627175,553570,68613,956
2021-04-03,30691312,554323,64137,753
2021-04-04,30728147,554595,36835,272
2021-04-05,30804767,555125,76620,530
2021-04-06,30866740,556034,61973,909
2021-04-07,30939835,558605,73095,2571
2021-04-08,31020329,559607,80494,1002
2021-04-09,31101914,560553,81585,946
2021-04-10,31166708,561257,64794,704
2021-04-11,31214706,561558,47998,301
2021-04-12,31286641,562023,71935,465
2021-04-13,31363983,563006,77342,983
2021-04-14,31439736,563941,75753,935
2021-04-15,31513430,564858,73694,917
2021-04-16,31591784,565793,78354,935
2021-04-17,31645696,566470,53912,677
2021-04-18,31687097,566828,41401,358
2021-04-19,31757408,567313,70311,485
2021-04-20,31820737,569109,63329,1796
2021-04-21,31880961,568985,60224,0
2021-04-22,31947161,569896,66200,911
2021-04-23,32010938,570769,63777,873
2021-04-24,32061429,571494,50491,725
2021-04-25,32095036,571776,33607,282
2021-04-26,32142338,572255,47302,479
2021-04-27,32194233,572968,51895,713
2021-04-28,32249067,573902,54834,934
2021-04-29,32306662,574776,57595,874
2021-04-30,32365217,575636,58555,860
2021-05-01,32410030,576351,44813,715
2021-05-02,32439650,576663,29620,312
2021-05-03,32489637,577122,49987,459
2021-05-04,32530601,578029,40964,907
2021-05-05,32575334,578805,44733,776
2021-05-06,32623047,579637,47713,832
2021-05-07,32670552,580449,47505,812
2021-05-08,32704245,581053,33693,604
2021-05-09,32726605,581299,22360,246
2021-05-10,32763153,581669,36548,370
2021-05-11,32797202,582362,34049,693
2021-05-12,32832705,583210,35503,848
2021-05-13,32871138,583990,38433,780
2021-05-14,32912143,584722,41005,732
2021-05-15,32941199,585281,29056,559
2021-05-16,32957884,585573,16685,292
2021-05-17,32987153,585957,29269,384
2021-05-18,33015025,586824,27872,867
2021-05-19,33043845,587499,28820,675
2021-05-20,33073483,588153,29638,654
2021-05-21,33102484,588849,29001,696
2021-05-22,33120839,589328,18355,479
2021-05-23,33134977,589517,14138,189
2021-05-24,33160643,589934,25666,417
2021-05-25,33183461,590633,22818,699
2021-05-26,33206873,591599,23412,966
2021-05-27,33234620,592939,27747,1340
2021-05-28,33256347,593582,21727,643
