date,state,total cases,total deaths,new cases,new deaths
2020-03-12,Alaska,1,0,1,0
2020-03-13,Alaska,1,0,0,0
2020-03-14,Alaska,1,0,0,0
2020-03-15,Alaska,1,0,0,0
2020-03-16,Alaska,3,0,2,0
2020-03-17,Alaska,6,0,3,0
2020-03-18,Alaska,9,0,3,0
2020-03-19,Alaska,12,0,3,0
2020-03-20,Alaska,14,0,2,0
2020-03-21,Alaska,21,0,7,0
2020-03-22,Alaska,22,0,1,0
2020-03-23,Alaska,36,0,14,0
2020-03-24,Alaska,42,0,6,0
2020-03-25,Alaska,59,0,17,0
2020-03-26,Alaska,69,0,10,0
2020-03-27,Alaska,85,1,16,1
2020-03-28,Alaska,102,1,17,0
2020-03-29,Alaska,114,2,12,1
2020-03-30,Alaska,120,2,6,0
2020-03-31,Alaska,133,2,13,0
2020-04-01,Alaska,143,2,10,0
2020-04-02,Alaska,146,2,3,0
2020-04-03,Alaska,156,2,10,0
2020-04-04,Alaska,169,3,13,1
2020-04-05,Alaska,183,4,14,1
2020-04-06,Alaska,189,4,6,0
2020-04-07,Alaska,211,4,22,0
2020-04-08,Alaska,224,5,13,1
2020-04-09,Alaska,233,5,9,0
2020-04-10,Alaska,244,5,11,0
2020-04-11,Alaska,255,6,11,1
2020-04-12,Alaska,270,6,15,0
2020-04-13,Alaska,275,6,5,0
2020-04-14,Alaska,283,7,8,1
2020-04-15,Alaska,291,7,8,0
2020-04-16,Alaska,298,7,7,0
2020-04-17,Alaska,307,7,9,0
2020-04-18,Alaska,312,7,5,0
2020-04-19,Alaska,317,7,5,0
2020-04-20,Alaska,319,7,2,0
2020-04-21,Alaska,327,7,8,0
2020-04-22,Alaska,333,7,6,0
2020-04-23,Alaska,335,7,2,0
2020-04-24,Alaska,337,7,2,0
2020-04-25,Alaska,337,7,0,0
2020-04-26,Alaska,339,7,2,0
2020-04-27,Alaska,343,7,4,0
2020-04-28,Alaska,349,7,6,0
2020-04-29,Alaska,353,7,4,0
2020-04-30,Alaska,353,7,0,0
2020-05-01,Alaska,362,7,9,0
2020-05-02,Alaska,363,7,1,0
2020-05-03,Alaska,366,7,3,0
2020-05-04,Alaska,368,7,2,0
2020-05-05,Alaska,369,7,1,0
2020-05-06,Alaska,370,8,1,1
2020-05-07,Alaska,373,8,3,0
2020-05-08,Alaska,376,8,3,0
2020-05-09,Alaska,377,8,1,0
2020-05-10,Alaska,378,8,1,0
2020-05-11,Alaska,380,8,2,0
2020-05-12,Alaska,383,8,3,0
2020-05-13,Alaska,383,8,0,0
2020-05-14,Alaska,387,8,4,0
2020-05-15,Alaska,388,8,1,0
2020-05-16,Alaska,392,8,4,0
2020-05-17,Alaska,396,8,4,0
2020-05-18,Alaska,399,8,3,0
2020-05-19,Alaska,399,8,0,0
2020-05-20,Alaska,402,8,3,0
2020-05-21,Alaska,402,8,0,0
2020-05-22,Alaska,404,8,2,0
2020-05-23,Alaska,409,8,5,0
2020-05-24,Alaska,409,8,0,0
2020-05-25,Alaska,412,8,3,0
2020-05-26,Alaska,416,8,4,0
2020-05-27,Alaska,417,8,1,0
2020-05-28,Alaska,430,8,13,0
2020-05-29,Alaska,436,8,6,0
2020-05-30,Alaska,441,8,5,0
2020-05-31,Alaska,469,8,28,0
2020-06-01,Alaska,476,8,7,0
2020-06-02,Alaska,497,8,21,0
2020-06-03,Alaska,516,8,19,0
2020-06-04,Alaska,542,8,26,0
2020-06-05,Alaska,565,8,23,0
2020-06-06,Alaska,579,8,14,0
2020-06-07,Alaska,588,8,9,0
2020-06-08,Alaska,607,8,19,0
2020-06-09,Alaska,620,9,13,1
2020-06-10,Alaska,642,9,22,0
2020-06-11,Alaska,666,9,24,0
2020-06-12,Alaska,688,10,22,1
2020-06-13,Alaska,722,10,34,0
2020-06-14,Alaska,734,10,12,0
2020-06-15,Alaska,738,10,4,0
2020-06-16,Alaska,751,10,13,0
2020-06-17,Alaska,776,10,25,0
2020-06-18,Alaska,795,10,19,0
2020-06-19,Alaska,821,10,26,0
2020-06-20,Alaska,845,10,24,0
2020-06-21,Alaska,859,10,14,0
2020-06-22,Alaska,869,10,10,0
2020-06-23,Alaska,905,10,36,0
2020-06-24,Alaska,926,10,21,0
2020-06-25,Alaska,971,10,45,0
2020-06-26,Alaska,1001,12,30,2
2020-06-27,Alaska,1027,12,26,0
2020-06-28,Alaska,1060,12,33,0
2020-06-29,Alaska,1085,12,25,0
2020-06-30,Alaska,1132,12,47,0
2020-07-01,Alaska,1174,12,42,0
2020-07-02,Alaska,1224,12,50,0
2020-07-03,Alaska,1284,13,60,1
2020-07-04,Alaska,1339,14,55,1
2020-07-05,Alaska,1371,14,32,0
2020-07-06,Alaska,1401,14,30,0
2020-07-07,Alaska,1423,15,22,1
2020-07-08,Alaska,1472,15,49,0
2020-07-09,Alaska,1521,15,49,0
2020-07-10,Alaska,1579,15,58,0
2020-07-11,Alaska,1656,15,77,0
2020-07-12,Alaska,1772,15,116,0
2020-07-13,Alaska,1843,15,71,0
2020-07-14,Alaska,1897,15,54,0
2020-07-15,Alaska,1958,15,61,0
2020-07-16,Alaska,2034,15,76,0
2020-07-17,Alaska,2083,15,49,0
2020-07-18,Alaska,2157,16,74,1
2020-07-19,Alaska,2275,16,118,0
2020-07-20,Alaska,2412,16,137,0
2020-07-21,Alaska,2523,16,111,0
2020-07-22,Alaska,2617,17,94,1
2020-07-23,Alaska,2682,17,65,0
2020-07-24,Alaska,2746,17,64,0
2020-07-25,Alaska,2866,18,120,1
2020-07-26,Alaska,3100,18,234,0
2020-07-27,Alaska,3204,19,104,1
2020-07-28,Alaska,3348,20,144,1
2020-07-29,Alaska,3440,20,92,0
2020-07-30,Alaska,3557,21,117,1
2020-07-31,Alaska,3675,21,118,0
2020-08-01,Alaska,3825,22,150,1
2020-08-02,Alaska,3982,22,157,0
2020-08-03,Alaska,4062,23,80,1
2020-08-04,Alaska,4123,23,61,0
2020-08-05,Alaska,4181,23,58,0
2020-08-06,Alaska,4221,23,40,0
2020-08-07,Alaska,4286,23,65,0
2020-08-08,Alaska,4371,24,85,1
2020-08-09,Alaska,4471,24,100,0
2020-08-10,Alaska,4537,24,66,0
2020-08-11,Alaska,4587,24,50,0
2020-08-12,Alaska,4653,25,66,1
2020-08-13,Alaska,4748,25,95,0
2020-08-14,Alaska,4867,25,119,0
2020-08-15,Alaska,4952,26,85,1
2020-08-16,Alaska,5058,26,106,0
2020-08-17,Alaska,5108,26,50,0
2020-08-18,Alaska,5175,27,67,1
2020-08-19,Alaska,5245,27,70,0
2020-08-20,Alaska,5330,27,85,0
2020-08-21,Alaska,5401,28,71,1
2020-08-22,Alaska,5492,29,91,1
2020-08-23,Alaska,5556,30,64,1
2020-08-24,Alaska,5626,30,70,0
2020-08-25,Alaska,5621,33,0,3
2020-08-26,Alaska,5671,34,50,1
2020-08-27,Alaska,5752,34,81,0
2020-08-28,Alaska,5874,34,122,0
2020-08-29,Alaska,5985,34,111,0
2020-08-30,Alaska,6036,34,51,0
2020-08-31,Alaska,6075,34,39,0
2020-09-01,Alaska,6109,36,34,2
2020-09-02,Alaska,6181,36,72,0
2020-09-03,Alaska,6287,37,106,1
2020-09-04,Alaska,6416,37,129,0
2020-09-05,Alaska,6514,39,98,2
2020-09-06,Alaska,6603,39,89,0
2020-09-07,Alaska,6637,39,34,0
2020-09-08,Alaska,6670,39,33,0
2020-09-09,Alaska,6735,39,65,0
2020-09-10,Alaska,6860,39,125,0
2020-09-11,Alaska,6968,40,108,1
2020-09-12,Alaska,7074,41,106,1
2020-09-13,Alaska,7136,41,62,0
2020-09-14,Alaska,7213,41,77,0
2020-09-15,Alaska,7256,41,43,0
2020-09-16,Alaska,7308,41,52,0
2020-09-17,Alaska,7413,41,105,0
2020-09-18,Alaska,7528,42,115,1
2020-09-19,Alaska,7613,42,85,0
2020-09-20,Alaska,7704,42,91,0
2020-09-21,Alaska,7775,42,71,0
2020-09-22,Alaska,7821,42,46,0
2020-09-23,Alaska,7875,42,54,0
2020-09-24,Alaska,8015,43,140,1
2020-09-25,Alaska,8133,48,118,5
2020-09-26,Alaska,8244,48,111,0
2020-09-27,Alaska,8359,52,115,4
2020-09-28,Alaska,8477,52,118,0
2020-09-29,Alaska,8602,52,125,0
2020-09-30,Alaska,8707,52,105,0
2020-10-01,Alaska,8838,53,131,1
2020-10-02,Alaska,8964,53,126,0
2020-10-03,Alaska,9111,54,147,1
2020-10-04,Alaska,9300,54,189,0
2020-10-05,Alaska,9511,54,211,0
2020-10-06,Alaska,9656,54,145,0
2020-10-07,Alaska,9784,55,128,1
2020-10-08,Alaska,9919,56,135,1
2020-10-09,Alaska,10099,56,180,0
2020-10-10,Alaska,10350,56,251,0
2020-10-11,Alaska,10608,56,258,0
2020-10-12,Alaska,10805,56,197,0
2020-10-13,Alaska,10960,56,155,0
2020-10-14,Alaska,11103,60,143,4
2020-10-15,Alaska,11268,61,165,1
2020-10-16,Alaska,11496,62,228,1
2020-10-17,Alaska,11710,63,214,1
2020-10-18,Alaska,11934,63,224,0
2020-10-19,Alaska,12138,63,204,0
2020-10-20,Alaska,12349,63,211,0
2020-10-21,Alaska,12559,64,210,1
2020-10-22,Alaska,12790,64,231,0
2020-10-23,Alaska,13067,64,277,0
2020-10-24,Alaska,13439,64,372,0
2020-10-25,Alaska,13968,64,529,0
2020-10-26,Alaska,14316,64,348,0
2020-10-27,Alaska,14699,66,383,2
2020-10-28,Alaska,15053,67,354,1
2020-10-29,Alaska,15417,72,364,5
2020-10-30,Alaska,15803,76,386,4
2020-10-31,Alaska,16247,77,444,1
2020-11-01,Alaska,16597,78,350,1
2020-11-02,Alaska,16948,79,351,1
2020-11-03,Alaska,17339,79,391,0
2020-11-04,Alaska,17750,79,411,0
2020-11-05,Alaska,18064,79,314,0
2020-11-06,Alaska,18589,79,525,0
2020-11-07,Alaska,19194,79,605,0
2020-11-08,Alaska,19712,79,518,0
2020-11-09,Alaska,20185,79,473,0
2020-11-10,Alaska,20715,87,530,8
2020-11-11,Alaska,21211,90,496,3
2020-11-12,Alaska,21689,90,478,0
2020-11-13,Alaska,22282,91,593,1
2020-11-14,Alaska,23029,92,747,1
2020-11-15,Alaska,23688,92,659,0
2020-11-16,Alaska,24268,92,580,0
2020-11-17,Alaska,24909,94,641,2
2020-11-18,Alaska,25454,94,545,0
2020-11-19,Alaska,25946,95,492,1
2020-11-20,Alaska,26403,95,457,0
2020-11-21,Alaska,27079,95,676,0
2020-11-22,Alaska,27629,97,550,2
2020-11-23,Alaska,28128,97,499,0
2020-11-24,Alaska,28708,110,580,13
2020-11-25,Alaska,29386,110,678,0
2020-11-26,Alaska,29940,113,554,3
2020-11-27,Alaska,30612,113,672,0
2020-11-28,Alaska,31279,115,667,2
2020-11-29,Alaska,31896,115,617,0
2020-11-30,Alaska,32407,115,511,0
2020-12-01,Alaska,32911,116,504,1
2020-12-02,Alaska,33614,116,703,0
2020-12-03,Alaska,34377,124,763,8
2020-12-04,Alaska,35138,135,761,11
2020-12-05,Alaska,36083,136,945,1
2020-12-06,Alaska,36847,136,764,0
2020-12-07,Alaska,37350,139,503,3
2020-12-08,Alaska,37923,139,573,0
2020-12-09,Alaska,38510,143,587,4
2020-12-10,Alaska,39146,148,636,5
2020-12-11,Alaska,39773,151,627,3
2020-12-12,Alaska,40293,169,520,18
2020-12-13,Alaska,40934,169,641,0
2020-12-14,Alaska,41363,169,429,0
2020-12-15,Alaska,41645,172,282,3
2020-12-16,Alaska,42256,174,611,2
2020-12-17,Alaska,42639,176,383,2
2020-12-18,Alaska,43132,176,493,0
2020-12-19,Alaska,43468,177,336,1
2020-12-20,Alaska,43649,176,181,0
2020-12-21,Alaska,43801,176,152,0
2020-12-22,Alaska,44241,186,440,10
2020-12-23,Alaska,44602,189,361,3
2020-12-24,Alaska,44876,191,274,2
2020-12-25,Alaska,44876,191,0,0
2020-12-26,Alaska,45247,192,371,1
2020-12-27,Alaska,45547,192,300,0
2020-12-28,Alaska,45674,192,127,0
2020-12-29,Alaska,45856,193,182,1
2020-12-30,Alaska,46241,195,385,2
2020-12-31,Alaska,46740,198,499,3
2021-01-01,Alaska,46740,198,0,0
2021-01-02,Alaska,47549,207,809,9
2021-01-03,Alaska,47846,207,297,0
2021-01-04,Alaska,48110,209,264,2
2021-01-05,Alaska,48302,209,192,0
2021-01-06,Alaska,48636,211,334,2
2021-01-07,Alaska,48961,214,325,3
2021-01-08,Alaska,49366,214,405,0
2021-01-09,Alaska,49681,215,315,1
2021-01-10,Alaska,49935,215,254,0
2021-01-11,Alaska,50111,215,176,0
2021-01-12,Alaska,50243,216,132,1
2021-01-13,Alaska,50526,217,283,1
2021-01-14,Alaska,50861,219,335,2
2021-01-15,Alaska,51163,220,302,1
2021-01-16,Alaska,51347,220,184,0
2021-01-17,Alaska,51630,220,283,0
2021-01-18,Alaska,51785,220,155,0
2021-01-19,Alaska,51914,221,129,1
2021-01-20,Alaska,52081,244,167,23
2021-01-21,Alaska,52282,245,201,1
2021-01-22,Alaska,52572,245,290,0
2021-01-23,Alaska,52820,250,248,5
2021-01-24,Alaska,52982,250,162,0
2021-01-25,Alaska,53061,250,79,0
2021-01-26,Alaska,53143,251,82,1
2021-01-27,Alaska,53322,252,179,1
2021-01-28,Alaska,53524,253,202,1
2021-01-29,Alaska,53705,253,181,0
2021-01-30,Alaska,53851,253,146,0
2021-01-31,Alaska,53985,253,134,0
2021-02-01,Alaska,54091,253,106,0
2021-02-02,Alaska,54223,269,132,16
2021-02-03,Alaska,54447,269,224,0
2021-02-04,Alaska,54631,269,184,0
2021-02-05,Alaska,54880,269,249,0
2021-02-06,Alaska,54880,269,0,0
2021-02-07,Alaska,54880,269,0,0
2021-02-08,Alaska,55374,269,494,0
2021-02-09,Alaska,55500,269,126,0
2021-02-10,Alaska,55701,269,201,0
2021-02-11,Alaska,55850,269,149,0
2021-02-12,Alaska,56008,271,158,2
2021-02-13,Alaska,56008,271,0,0
2021-02-14,Alaska,56008,271,0,0
2021-02-15,Alaska,56008,271,0,0
2021-02-16,Alaska,56504,276,496,5
2021-02-17,Alaska,56559,277,55,1
2021-02-18,Alaska,56768,277,209,0
2021-02-19,Alaska,56979,278,211,1
2021-02-20,Alaska,56979,278,0,0
2021-02-21,Alaska,56979,278,0,0
2021-02-22,Alaska,57316,279,337,1
2021-02-23,Alaska,57371,279,55,0
2021-02-24,Alaska,57550,279,179,0
2021-02-25,Alaska,57735,279,185,0
2021-02-26,Alaska,57846,279,111,0
2021-02-27,Alaska,57846,279,0,0
2021-02-28,Alaska,57846,279,0,0
2021-03-01,Alaska,58229,289,383,10
2021-03-02,Alaska,58383,290,154,1
2021-03-03,Alaska,58574,291,191,1
2021-03-04,Alaska,58722,291,148,0
2021-03-05,Alaska,58870,292,148,1
2021-03-06,Alaska,58870,292,0,0
2021-03-07,Alaska,58870,292,0,0
2021-03-08,Alaska,59210,291,340,0
2021-03-09,Alaska,59299,291,89,0
2021-03-10,Alaska,59451,291,152,0
2021-03-11,Alaska,59689,291,238,0
2021-03-12,Alaska,59796,292,107,1
2021-03-13,Alaska,59796,292,0,0
2021-03-14,Alaska,59796,292,0,0
2021-03-15,Alaska,60174,292,378,0
2021-03-16,Alaska,60277,292,103,0
2021-03-17,Alaska,60451,293,174,1
2021-03-18,Alaska,60606,296,155,3
2021-03-19,Alaska,60683,296,77,0
2021-03-20,Alaska,60683,296,0,0
2021-03-21,Alaska,60683,296,0,0
2021-03-22,Alaska,61034,296,351,0
2021-03-23,Alaska,61212,298,178,2
2021-03-24,Alaska,61411,298,199,0
2021-03-25,Alaska,61558,299,147,1
2021-03-26,Alaska,61744,299,186,0
2021-03-27,Alaska,61744,299,0,0
2021-03-28,Alaska,61744,299,0,0
2021-03-29,Alaska,61744,299,0,0
2021-03-30,Alaska,62395,299,651,0
2021-03-31,Alaska,62559,299,164,0
2021-04-01,Alaska,62785,299,226,0
2021-04-02,Alaska,62987,299,202,0
2021-04-03,Alaska,62987,299,0,0
2021-04-04,Alaska,62987,299,0,0
2021-04-05,Alaska,63486,299,499,0
2021-04-06,Alaska,63566,299,80,0
2021-04-07,Alaska,63785,299,219,0
2021-04-08,Alaska,64013,299,228,0
2021-04-09,Alaska,64259,299,246,0
2021-04-10,Alaska,64259,299,0,0
2021-04-11,Alaska,64259,299,0,0
2021-04-12,Alaska,64655,300,396,1
2021-04-13,Alaska,64809,300,154,0
2021-04-14,Alaska,65008,300,199,0
2021-04-15,Alaska,65201,318,193,18
2021-04-16,Alaska,65390,318,189,0
2021-04-17,Alaska,65390,318,0,0
