date,state,total cases,total deaths,new cases,new deaths
2020-01-25,California,1,0,1,0
2020-01-26,California,2,0,1,0
2020-01-27,California,2,0,0,0
2020-01-28,California,2,0,0,0
2020-01-29,California,2,0,0,0
2020-01-30,California,2,0,0,0
2020-01-31,California,3,0,1,0
2020-02-01,California,3,0,0,0
2020-02-02,California,6,0,3,0
2020-02-03,California,6,0,0,0
2020-02-04,California,6,0,0,0
2020-02-05,California,6,0,0,0
2020-02-06,California,6,0,0,0
2020-02-07,California,6,0,0,0
2020-02-08,California,6,0,0,0
2020-02-09,California,6,0,0,0
2020-02-10,California,7,0,1,0
2020-02-11,California,7,0,0,0
2020-02-12,California,7,0,0,0
2020-02-13,California,7,0,0,0
2020-02-14,California,7,0,0,0
2020-02-15,California,7,0,0,0
2020-02-16,California,7,0,0,0
2020-02-17,California,7,0,0,0
2020-02-18,California,7,0,0,0
2020-02-19,California,7,0,0,0
2020-02-20,California,8,0,1,0
2020-02-21,California,9,0,1,0
2020-02-22,California,9,0,0,0
2020-02-23,California,9,0,0,0
2020-02-24,California,11,0,2,0
2020-02-25,California,11,0,0,0
2020-02-26,California,26,0,15,0
2020-02-27,California,26,0,0,0
2020-02-28,California,27,0,1,0
2020-02-29,California,28,0,1,0
2020-03-01,California,33,0,5,0
2020-03-02,California,38,0,5,0
2020-03-03,California,45,0,7,0
2020-03-04,California,55,1,10,1
2020-03-05,California,67,1,12,0
2020-03-06,California,81,1,14,0
2020-03-07,California,100,1,19,0
2020-03-08,California,112,1,12,0
2020-03-09,California,172,2,60,1
2020-03-10,California,179,3,7,1
2020-03-11,California,202,4,23,1
2020-03-12,California,252,4,50,0
2020-03-13,California,320,5,68,1
2020-03-14,California,381,5,61,0
2020-03-15,California,478,6,97,1
2020-03-16,California,588,11,110,5
2020-03-17,California,732,14,144,3
2020-03-18,California,893,17,161,3
2020-03-19,California,1067,19,174,2
2020-03-20,California,1283,24,216,5
2020-03-21,California,1544,28,261,4
2020-03-22,California,1851,35,307,7
2020-03-23,California,2240,39,389,4
2020-03-24,California,2644,52,404,13
2020-03-25,California,3183,68,539,16
2020-03-26,California,4060,83,877,15
2020-03-27,California,4915,104,855,21
2020-03-28,California,5566,122,651,18
2020-03-29,California,6321,132,755,10
2020-03-30,California,7421,147,1100,15
2020-03-31,California,8583,184,1162,37
2020-04-01,California,9857,212,1274,28
2020-04-02,California,11190,247,1333,35
2020-04-03,California,12569,282,1379,35
2020-04-04,California,13796,323,1227,41
2020-04-05,California,15202,351,1406,28
2020-04-06,California,16361,386,1159,35
2020-04-07,California,17540,447,1179,61
2020-04-08,California,19043,506,1503,59
2020-04-09,California,20191,548,1148,42
2020-04-10,California,21366,594,1175,46
2020-04-11,California,22421,632,1055,38
2020-04-12,California,23323,676,902,44
2020-04-13,California,24334,725,1011,49
2020-04-14,California,25758,778,1424,53
2020-04-15,California,27107,885,1349,107
2020-04-16,California,28142,971,1035,86
2020-04-17,California,29398,1050,1256,79
2020-04-18,California,30829,1146,1431,96
2020-04-19,California,31544,1176,715,30
2020-04-20,California,33862,1223,2318,47
2020-04-21,California,35844,1316,1982,93
2020-04-22,California,37573,1425,1729,109
2020-04-23,California,39534,1548,1961,123
2020-04-24,California,41368,1619,1834,71
2020-04-25,California,42590,1692,1222,73
2020-04-26,California,43691,1716,1101,24
2020-04-27,California,45208,1800,1517,84
2020-04-28,California,46570,1884,1362,84
2020-04-29,California,48904,1961,2334,77
2020-04-30,California,50470,2057,1566,96
2020-05-01,California,52318,2147,1848,90
2020-05-02,California,53753,2213,1435,66
2020-05-03,California,55072,2235,1319,22
2020-05-04,California,56333,2297,1261,62
2020-05-05,California,58848,2386,2515,89
2020-05-06,California,60787,2478,1939,92
2020-05-07,California,62481,2561,1694,83
2020-05-08,California,64616,2650,2135,89
2020-05-09,California,66824,2732,2208,82
2020-05-10,California,68051,2769,1227,37
2020-05-11,California,69514,2820,1463,51
2020-05-12,California,71150,2902,1636,82
2020-05-13,California,73218,3014,2068,112
2020-05-14,California,74947,3039,1729,25
2020-05-15,California,77015,3192,2068,153
2020-05-16,California,78933,3254,1918,62
2020-05-17,California,80366,3290,1433,36
2020-05-18,California,81943,3322,1577,32
2020-05-19,California,83981,3422,2038,100
2020-05-20,California,86125,3514,2144,92
2020-05-21,California,88488,3624,2363,110
2020-05-22,California,90801,3690,2313,66
2020-05-23,California,92815,3768,2014,78
2020-05-24,California,94743,3790,1928,22
2020-05-25,California,97017,3808,2274,18
2020-05-26,California,99924,3859,2907,51
2020-05-27,California,101873,3961,1949,102
2020-05-28,California,104071,4042,2198,81
2020-05-29,California,107043,4144,2972,102
2020-05-30,California,110100,4214,3057,70
2020-05-31,California,113114,4242,3014,28
2020-06-01,California,115643,4287,2529,45
2020-06-02,California,118081,4360,2438,73
2020-06-03,California,120407,4422,2326,62
2020-06-04,California,122917,4484,2510,62
2020-06-05,California,126510,4550,3593,66
2020-06-06,California,129147,4626,2637,76
2020-06-07,California,131997,4653,2850,27
2020-06-08,California,134287,4679,2290,26
2020-06-09,California,137245,4775,2958,96
2020-06-10,California,140139,4869,2894,94
2020-06-11,California,143709,4941,3570,72
2020-06-12,California,147285,4986,3576,45
2020-06-13,California,150434,5059,3149,73
2020-06-14,California,152953,5089,2519,30
2020-06-15,California,155662,5120,2709,31
2020-06-16,California,159131,5202,3469,82
2020-06-17,California,163381,5283,4250,81
2020-06-18,California,167135,5359,3754,76
2020-06-19,California,170843,5425,3708,66
2020-06-20,California,174854,5495,4011,70
2020-06-21,California,178807,5517,3953,22
2020-06-22,California,184620,5561,5813,44
2020-06-23,California,191039,5637,6419,76
2020-06-24,California,195889,5728,4850,91
2020-06-25,California,201413,5810,5524,82
2020-06-26,California,207027,5872,5614,62
2020-06-27,California,211453,5902,4426,30
2020-06-28,California,216955,5937,5502,35
2020-06-29,California,223995,5979,7040,42
2020-06-30,California,232153,6083,8158,104
2020-07-01,California,239764,6168,7611,85
2020-07-02,California,248198,6263,8434,95
2020-07-03,California,256298,6315,8100,52
2020-07-04,California,265176,6329,8878,14
2020-07-05,California,271587,6369,6411,40
2020-07-06,California,277869,6452,6282,83
2020-07-07,California,287766,6563,9897,111
2020-07-08,California,296304,6708,8538,145
2020-07-09,California,303516,6825,7212,117
2020-07-10,California,311505,6936,7989,111
2020-07-11,California,320030,7012,8525,76
2020-07-12,California,327676,7042,7646,30
2020-07-13,California,336206,7086,8530,44
2020-07-14,California,346593,7227,10387,141
2020-07-15,California,355497,7368,8904,141
2020-07-16,California,364761,7490,9264,122
2020-07-17,California,374922,7607,10161,117
2020-07-18,California,383194,7697,8272,90
2020-07-19,California,391460,7710,8266,13
2020-07-20,California,400195,7764,8735,54
2020-07-21,California,410366,7883,10171,119
2020-07-22,California,422528,8038,12162,155
2020-07-23,California,433175,8190,10647,152
2020-07-24,California,443096,8325,9921,135
2020-07-25,California,453327,8428,10231,103
2020-07-26,California,459338,8451,6011,23
2020-07-27,California,467103,8544,7765,93
2020-07-28,California,474951,8716,7848,172
2020-07-29,California,486039,8884,11088,168
2020-07-30,California,494269,9009,8230,125
2020-07-31,California,502273,9222,8004,213
2020-08-01,California,509507,9365,7234,143
2020-08-02,California,515937,9399,6430,34
2020-08-03,California,522235,9500,6298,101
2020-08-04,California,527258,9696,5023,196
2020-08-05,California,532776,9866,5518,170
2020-08-06,California,541013,10014,8237,148
2020-08-07,California,548142,10197,7129,183
2020-08-08,California,556158,10299,8016,102
2020-08-09,California,563244,10365,7086,66
2020-08-10,California,574267,10460,11023,95
2020-08-11,California,586078,10654,11811,194
2020-08-12,California,595097,10808,9019,154
2020-08-13,California,603212,10995,8115,187
2020-08-14,California,613243,11146,10031,151
2020-08-15,California,621981,11229,8738,83
2020-08-16,California,628508,11245,6527,16
2020-08-17,California,634991,11334,6483,89
2020-08-18,California,640499,11523,5508,189
2020-08-19,California,646742,11686,6243,163
2020-08-20,California,653401,11801,6659,115
2020-08-21,California,659991,11984,6590,183
2020-08-22,California,665325,12137,5334,153
2020-08-23,California,669944,12152,4619,15
2020-08-24,California,676236,12250,6292,98
2020-08-25,California,682320,12409,6084,159
2020-08-26,California,687612,12547,5292,138
2020-08-27,California,692962,12696,5350,149
2020-08-28,California,698389,12836,5427,140
2020-08-29,California,702499,12906,4110,70
2020-08-30,California,706589,12939,4090,33
2020-08-31,California,712541,13020,5952,81
2020-09-01,California,716628,13149,4087,129
2020-09-02,California,722035,13330,5407,181
2020-09-03,California,727398,13497,5363,167
2020-09-04,California,732691,13644,5293,147
2020-09-05,California,737073,13708,4382,64
2020-09-06,California,740233,13730,3160,22
2020-09-07,California,742689,13763,2456,33
2020-09-08,California,746113,13843,3424,80
2020-09-09,California,749196,13990,3083,147
2020-09-10,California,753017,14094,3821,104
2020-09-11,California,757125,14265,4108,171
2020-09-12,California,760581,14333,3456,68
2020-09-13,California,763389,14386,2808,53
2020-09-14,California,767062,14458,3673,72
2020-09-15,California,769917,14606,2855,148
2020-09-16,California,773318,14716,3401,110
2020-09-17,California,776944,14807,3626,91
2020-09-18,California,781436,14912,4492,105
2020-09-19,California,785076,15023,3640,111
2020-09-20,California,788077,15018,3001,0
2020-09-21,California,792217,15069,4140,51
2020-09-22,California,795077,15209,2860,140
2020-09-23,California,798350,15313,3273,104
2020-09-24,California,801671,15389,3321,76
2020-09-25,California,805733,15533,4062,144
2020-09-26,California,809214,15588,3481,55
2020-09-27,California,811698,15608,2484,20
2020-09-28,California,814796,15641,3098,33
2020-09-29,California,817939,15791,3143,150
2020-09-30,California,821125,15898,3186,107
2020-10-01,California,824306,15989,3181,91
2020-10-02,California,828364,16074,4058,85
2020-10-03,California,831494,16122,3130,48
2020-10-04,California,834635,16150,3141,28
2020-10-05,California,837720,16179,3085,29
2020-10-06,California,840322,16251,2602,72
2020-10-07,California,843732,16358,3410,107
2020-10-08,California,847384,16425,3652,67
2020-10-09,California,851228,16502,3844,77
2020-10-10,California,854302,16568,3074,66
2020-10-11,California,857076,16581,2774,13
2020-10-12,California,859959,16594,2883,13
2020-10-13,California,863614,16650,3655,56
2020-10-14,California,867094,16752,3480,102
2020-10-15,California,870380,16839,3286,87
2020-10-16,California,874101,16901,3721,62
2020-10-17,California,876257,16940,2156,39
2020-10-18,California,878394,16979,2137,39
2020-10-19,California,882665,16987,4271,8
2020-10-20,California,887093,17067,4428,80
2020-10-21,California,890153,17189,3060,122
2020-10-22,California,896424,17266,6271,77
2020-10-23,California,902325,17316,5901,50
2020-10-24,California,906644,17345,4319,29
2020-10-25,California,909344,17358,2700,13
2020-10-26,California,913699,17398,4355,40
2020-10-27,California,918627,17478,4928,80
2020-10-28,California,922680,17541,4053,63
2020-10-29,California,926893,17567,4213,26
2020-10-30,California,931826,17627,4933,60
2020-10-31,California,935248,17661,3422,34
2020-11-01,California,938883,17671,3635,10
2020-11-02,California,944141,17700,5258,29
2020-11-03,California,949383,17751,5242,51
2020-11-04,California,954624,17818,5241,67
2020-11-05,California,960884,17866,6260,48
2020-11-06,California,967597,17939,6713,73
2020-11-07,California,972801,17964,5204,25
2020-11-08,California,978844,17975,6043,11
2020-11-09,California,985598,18035,6754,60
2020-11-10,California,994341,18073,8743,38
2020-11-11,California,999498,18109,5157,36
2020-11-12,California,1009187,18141,9689,32
2020-11-13,California,1019052,18218,9865,77
2020-11-14,California,1027016,18254,7964,36
2020-11-15,California,1035981,18265,8965,11
2020-11-16,California,1047360,18304,11379,39
2020-11-17,California,1058096,18360,10736,56
2020-11-18,California,1069517,18467,11421,107
2020-11-19,California,1082674,18555,13157,88
2020-11-20,California,1096401,18649,13727,94
2020-11-21,California,1109844,18709,13443,60
2020-11-22,California,1118652,18726,8808,17
2020-11-23,California,1136467,18768,17815,42
2020-11-24,California,1153005,18875,16538,107
2020-11-25,California,1167149,18982,14144,107
2020-11-26,California,1176137,19025,8988,43
2020-11-27,California,1193071,19100,16934,75
2020-11-28,California,1206278,19132,13207,32
2020-11-29,California,1219496,19151,13218,19
2020-11-30,California,1237192,19209,17696,58
2020-12-01,California,1253867,19327,16675,118
2020-12-02,California,1272041,19440,18174,113
2020-12-03,California,1293887,19586,21846,146
2020-12-04,California,1318139,19791,24252,205
2020-12-05,California,1343145,19876,25006,85
2020-12-06,California,1371940,19937,28795,61
2020-12-07,California,1399167,20052,27227,115
2020-12-08,California,1425432,20238,26265,186
2020-12-09,California,1457214,20466,31782,228
2020-12-10,California,1491053,20636,33839,170
2020-12-11,California,1528177,20854,37124,218
2020-12-12,California,1554863,20958,26686,104
2020-12-13,California,1590670,21043,35807,85
2020-12-14,California,1620870,21196,30200,153
2020-12-15,California,1655086,21483,34216,287
2020-12-16,California,1716027,21881,60941,398
2020-12-17,California,1761341,22155,45314,274
2020-12-18,California,1809585,22496,48244,341
2020-12-19,California,1846943,22651,37358,155
2020-12-20,California,1889828,22736,42885,85
2020-12-21,California,1933083,22980,43255,244
2020-12-22,California,1968430,23254,35347,274
2020-12-23,California,2013188,23633,44758,379
2020-12-24,California,2047919,23944,34731,311
2020-12-25,California,2064691,23964,16772,20
2020-12-26,California,2129678,24221,64987,257
2020-12-27,California,2167233,24283,37555,62
2020-12-28,California,2208953,24529,41720,246
2020-12-29,California,2243119,24954,34166,425
2020-12-30,California,2275505,25391,32386,437
2020-12-31,California,2307769,25965,32264,574
2021-01-01,California,2345726,26236,37957,271
2021-01-02,California,2397923,26542,52197,306
2021-01-03,California,2433838,26635,35915,93
2021-01-04,California,2474561,26995,40723,360
2021-01-05,California,2511822,27486,37261,491
2021-01-06,California,2548733,28040,36911,554
2021-01-07,California,2589156,28552,40423,512
2021-01-08,California,2640129,29226,50973,674
2021-01-09,California,2687359,29699,47230,473
2021-01-10,California,2729772,30000,42413,301
2021-01-11,California,2770396,30381,40624,381
2021-01-12,California,2816280,31105,45884,724
2021-01-13,California,2857958,31653,41678,548
2021-01-14,California,2898652,32246,40694,593
2021-01-15,California,2937755,32947,39103,701
2021-01-16,California,2975319,33393,37564,446
2021-01-17,California,3006866,33593,31547,200
2021-01-18,California,3032260,33742,25394,149
2021-01-19,California,3071361,34390,39101,648
2021-01-20,California,3090690,35001,19329,611
2021-01-21,California,3116266,35704,25576,703
2021-01-22,California,3141303,36326,25037,622
2021-01-23,California,3164286,36818,22983,492
2021-01-24,California,3185936,37118,21650,300
2021-01-25,California,3212839,37499,26903,381
2021-01-26,California,3234462,38221,21623,722
2021-01-27,California,3253095,38927,18633,706
2021-01-28,California,3272726,39527,19631,600
2021-01-29,California,3292469,40192,19743,665
2021-01-30,California,3309997,40694,17528,502
2021-01-31,California,3323967,40928,13970,234
2021-02-01,California,3341560,41284,17593,356
2021-02-02,California,3354428,41858,12868,574
2021-02-03,California,3366991,42434,12563,576
2021-02-04,California,3381669,43062,14678,628
2021-02-05,California,3395682,43631,14013,569
2021-02-06,California,3407257,43987,11575,356
2021-02-07,California,3417452,44152,10195,165
2021-02-08,California,3431072,44440,13620,288
2021-02-09,California,3441573,44973,10501,533
2021-02-10,California,3450163,45436,8590,463
2021-02-11,California,3460775,45976,10612,540
2021-02-12,California,3470302,46435,9527,459
2021-02-13,California,3479469,46865,9167,430
2021-02-14,California,3485417,47055,5948,190
2021-02-15,California,3490427,47115,5010,60
2021-02-16,California,3499216,47446,8789,331
2021-02-17,California,3505490,47902,6274,456
2021-02-18,California,3513339,48334,7849,432
2021-02-19,California,3521230,48794,7891,460
2021-02-20,California,3527293,49111,6063,317
2021-02-21,California,3531939,49340,4646,229
2021-02-22,California,3536916,49531,4977,191
2021-02-23,California,3543172,49869,6256,338
2021-02-24,California,3549023,50953,5851,1084
2021-02-25,California,3554658,51385,5635,432
2021-02-26,California,3561560,51794,6902,409
2021-02-27,California,3565969,51979,4409,185
2021-02-28,California,3569459,52213,3490,234
2021-03-01,California,3573656,52487,4197,274
2021-03-02,California,3577973,52774,4317,287
2021-03-03,California,3582377,53066,4404,292
2021-03-04,California,3587633,53457,5256,391
2021-03-05,California,3592698,53838,5065,381
2021-03-06,California,3596962,54124,4264,286
2021-03-07,California,3599716,54217,2754,93
2021-03-08,California,3603893,54377,4177,160
2021-03-09,California,3608022,54620,4129,243
2021-03-10,California,3611490,54877,3468,257
2021-03-11,California,3615049,55132,3559,255
2021-03-12,California,3617356,55336,2307,204
2021-03-13,California,3621094,56349,3738,1013
2021-03-14,California,3623342,56499,2248,150
2021-03-15,California,3626304,56606,2962,107
2021-03-16,California,3628366,56719,2062,113
2021-03-17,California,3631735,56952,3369,233
2021-03-18,California,3635303,57187,3568,235
2021-03-19,California,3638515,57391,3212,204
2021-03-20,California,3640704,57469,2189,78
2021-03-21,California,3642652,57560,1948,91
2021-03-22,California,3645558,57744,2906,184
2021-03-23,California,3648056,57909,2498,165
2021-03-24,California,3650833,58160,2777,251
2021-03-25,California,3653318,58386,2485,226
2021-03-26,California,3656693,58603,3375,217
2021-03-27,California,3658804,58774,2111,171
2021-03-28,California,3660973,58900,2169,126
2021-03-29,California,3664032,58988,3059,88
2021-03-30,California,3666410,59089,2378,101
2021-03-31,California,3668917,59233,2507,144
2021-04-01,California,3671559,59370,2642,137
2021-04-02,California,3675326,59574,3767,204
2021-04-03,California,3678212,59648,2886,74
2021-04-04,California,3679837,59699,1625,51
2021-04-05,California,3682946,59761,3109,62
2021-04-06,California,3685207,59847,2261,86
2021-04-07,California,3687624,59949,2417,102
2021-04-08,California,3690175,60088,2551,139
2021-04-09,California,3693790,60245,3615,157
2021-04-10,California,3696767,60334,2977,89
2021-04-11,California,3700662,60419,3895,85
2021-04-12,California,3704162,60457,3500,38
2021-04-13,California,3706728,60507,2566,50
2021-04-14,California,3709221,60683,2493,176
