date,state,total cases,total deaths,new cases,new deaths
2020-03-05,Colorado,2,0,2,0
2020-03-06,Colorado,8,0,6,0
2020-03-07,Colorado,8,0,0,0
2020-03-08,Colorado,8,0,0,0
2020-03-09,Colorado,12,0,4,0
2020-03-10,Colorado,17,0,5,0
2020-03-11,Colorado,34,0,17,0
2020-03-12,Colorado,49,1,15,1
2020-03-13,Colorado,78,2,29,1
2020-03-14,Colorado,103,2,25,0
2020-03-15,Colorado,136,2,33,0
2020-03-16,Colorado,161,2,25,0
2020-03-17,Colorado,183,3,22,1
2020-03-18,Colorado,216,3,33,0
2020-03-19,Colorado,278,5,62,2
2020-03-20,Colorado,364,5,86,0
2020-03-21,Colorado,475,6,111,1
2020-03-22,Colorado,591,7,116,1
2020-03-23,Colorado,721,10,130,3
2020-03-24,Colorado,912,11,191,1
2020-03-25,Colorado,1086,19,174,8
2020-03-26,Colorado,1432,24,346,5
2020-03-27,Colorado,1735,31,303,7
2020-03-28,Colorado,2061,44,326,13
2020-03-29,Colorado,2315,47,254,3
2020-03-30,Colorado,2628,51,313,4
2020-03-31,Colorado,2990,69,362,18
2020-04-01,Colorado,3346,80,356,11
2020-04-02,Colorado,3728,96,382,16
2020-04-03,Colorado,4182,110,454,14
2020-04-04,Colorado,4574,126,392,16
2020-04-05,Colorado,4950,140,376,14
2020-04-06,Colorado,5172,150,222,10
2020-04-07,Colorado,5429,179,257,29
2020-04-08,Colorado,5655,192,226,13
2020-04-09,Colorado,6202,227,547,35
2020-04-10,Colorado,6510,253,308,26
2020-04-11,Colorado,6893,274,383,21
2020-04-12,Colorado,7303,290,410,16
2020-04-13,Colorado,7691,308,388,18
2020-04-14,Colorado,7941,329,250,21
2020-04-15,Colorado,8280,355,339,26
2020-04-16,Colorado,8675,374,395,19
2020-04-17,Colorado,9047,389,372,15
2020-04-18,Colorado,9433,409,386,20
2020-04-19,Colorado,9730,421,297,12
2020-04-20,Colorado,10106,448,376,27
2020-04-21,Colorado,10447,484,341,36
2020-04-22,Colorado,10878,526,431,42
2020-04-23,Colorado,11262,557,384,31
2020-04-24,Colorado,12255,672,993,115
2020-04-25,Colorado,12967,670,712,0
2020-04-26,Colorado,13440,678,473,8
2020-04-27,Colorado,13804,705,364,27
2020-04-28,Colorado,14239,734,435,29
2020-04-29,Colorado,14680,764,441,30
2020-04-30,Colorado,15207,775,527,11
2020-05-01,Colorado,15661,818,454,43
2020-05-02,Colorado,16118,830,457,12
2020-05-03,Colorado,16527,840,409,10
2020-05-04,Colorado,16799,849,272,9
2020-05-05,Colorado,17256,901,457,52
2020-05-06,Colorado,17720,919,464,18
2020-05-07,Colorado,18264,942,544,23
2020-05-08,Colorado,18719,958,455,16
2020-05-09,Colorado,19267,965,548,7
2020-05-10,Colorado,19595,969,328,4
2020-05-11,Colorado,19793,986,198,17
2020-05-12,Colorado,20103,1009,310,23
2020-05-13,Colorado,20442,1062,339,53
2020-05-14,Colorado,20813,1091,371,29
2020-05-15,Colorado,21207,1150,394,59
2020-05-16,Colorado,21604,1192,397,42
2020-05-17,Colorado,21909,1215,305,23
2020-05-18,Colorado,22174,1224,265,9
2020-05-19,Colorado,22454,1257,280,33
2020-05-20,Colorado,22769,1299,315,42
2020-05-21,Colorado,23161,1310,392,11
2020-05-22,Colorado,23456,1324,295,14
2020-05-23,Colorado,23932,1327,476,3
2020-05-24,Colorado,24140,1332,208,5
2020-05-25,Colorado,24256,1333,116,1
2020-05-26,Colorado,24553,1352,297,19
2020-05-27,Colorado,24775,1393,222,41
2020-05-28,Colorado,25116,1422,341,29
2020-05-29,Colorado,25602,1437,486,15
2020-05-30,Colorado,26084,1443,482,6
2020-05-31,Colorado,26364,1445,280,2
2020-06-01,Colorado,26563,1458,199,13
2020-06-02,Colorado,26774,1474,211,16
2020-06-03,Colorado,27046,1494,272,20
2020-06-04,Colorado,27346,1512,300,18
2020-06-05,Colorado,27601,1524,255,12
2020-06-06,Colorado,27834,1527,233,3
2020-06-07,Colorado,27987,1527,153,0
2020-06-08,Colorado,28169,1543,182,16
2020-06-09,Colorado,28333,1553,164,10
2020-06-10,Colorado,28484,1573,151,20
2020-06-11,Colorado,28632,1583,148,10
2020-06-12,Colorado,28807,1595,175,12
2020-06-13,Colorado,29002,1598,195,3
2020-06-14,Colorado,29115,1599,113,1
2020-06-15,Colorado,29284,1605,169,6
2020-06-16,Colorado,29427,1617,143,12
2020-06-17,Colorado,29658,1631,231,14
2020-06-18,Colorado,29886,1638,228,7
2020-06-19,Colorado,30172,1643,286,5
2020-06-20,Colorado,30334,1647,162,4
2020-06-21,Colorado,30524,1647,190,0
2020-06-22,Colorado,30689,1651,165,4
2020-06-23,Colorado,30877,1665,188,14
2020-06-24,Colorado,31139,1667,262,2
2020-06-25,Colorado,31463,1669,324,2
2020-06-26,Colorado,31780,1673,317,4
2020-06-27,Colorado,32006,1674,226,1
2020-06-28,Colorado,32290,1676,284,2
2020-06-29,Colorado,32495,1682,205,6
2020-06-30,Colorado,32698,1690,203,8
2020-07-01,Colorado,33012,1697,314,7
2020-07-02,Colorado,33335,1701,323,4
2020-07-03,Colorado,33607,1701,272,0
2020-07-04,Colorado,33900,1703,293,2
2020-07-05,Colorado,34100,1703,200,0
2020-07-06,Colorado,34316,1704,216,1
2020-07-07,Colorado,34717,1709,401,5
2020-07-08,Colorado,35185,1707,468,0
2020-07-09,Colorado,35604,1707,419,0
2020-07-10,Colorado,36210,1724,606,17
2020-07-11,Colorado,36633,1725,423,1
2020-07-12,Colorado,36933,1726,300,1
2020-07-13,Colorado,37303,1728,370,2
2020-07-14,Colorado,37761,1739,458,11
2020-07-15,Colorado,38240,1745,479,6
2020-07-16,Colorado,38817,1746,577,1
2020-07-17,Colorado,39409,1753,592,7
2020-07-18,Colorado,39811,1753,402,0
2020-07-19,Colorado,40182,1753,371,0
2020-07-20,Colorado,40649,1759,467,6
2020-07-21,Colorado,41152,1764,503,5
2020-07-22,Colorado,41747,1772,595,8
2020-07-23,Colorado,42409,1788,662,16
2020-07-24,Colorado,43098,1791,689,3
2020-07-25,Colorado,43847,1795,749,4
2020-07-26,Colorado,44364,1795,517,0
2020-07-27,Colorado,44723,1800,359,5
2020-07-28,Colorado,45420,1809,697,9
2020-07-29,Colorado,45885,1826,465,17
2020-07-30,Colorado,46338,1826,453,0
2020-07-31,Colorado,46948,1841,610,15
2020-08-01,Colorado,47357,1846,409,5
2020-08-02,Colorado,47799,1846,442,0
2020-08-03,Colorado,48119,1849,320,3
2020-08-04,Colorado,48492,1855,373,6
2020-08-05,Colorado,49143,1857,651,2
2020-08-06,Colorado,49633,1857,490,0
2020-08-07,Colorado,50081,1862,448,5
2020-08-08,Colorado,50491,1862,410,0
2020-08-09,Colorado,50799,1863,308,1
2020-08-10,Colorado,51104,1868,305,5
2020-08-11,Colorado,51487,1878,383,10
2020-08-12,Colorado,51847,1881,360,3
2020-08-13,Colorado,52242,1886,395,5
2020-08-14,Colorado,52587,1892,345,6
2020-08-15,Colorado,52868,1897,281,5
2020-08-16,Colorado,53188,1897,320,0
2020-08-17,Colorado,53391,1903,203,6
2020-08-18,Colorado,53674,1906,283,3
2020-08-19,Colorado,53943,1906,269,0
2020-08-20,Colorado,54285,1909,342,3
2020-08-21,Colorado,54658,1915,373,6
2020-08-22,Colorado,54939,1923,281,8
2020-08-23,Colorado,55441,1925,502,2
2020-08-24,Colorado,55700,1926,259,1
2020-08-25,Colorado,56176,1932,476,6
2020-08-26,Colorado,56346,1933,170,1
2020-08-27,Colorado,56706,1937,360,4
2020-08-28,Colorado,57158,1945,452,8
2020-08-29,Colorado,57326,1946,168,1
2020-08-30,Colorado,57515,1945,189,0
2020-08-31,Colorado,57797,1952,282,7
2020-09-01,Colorado,58118,1953,321,1
2020-09-02,Colorado,58392,1960,274,7
2020-09-03,Colorado,58680,1963,288,3
2020-09-04,Colorado,59021,1973,341,10
2020-09-05,Colorado,59362,1978,341,5
2020-09-06,Colorado,59626,1980,264,2
2020-09-07,Colorado,59823,1980,197,0
2020-09-08,Colorado,60003,1980,180,0
2020-09-09,Colorado,60291,1984,288,4
2020-09-10,Colorado,60576,1988,285,4
2020-09-11,Colorado,60881,1991,305,3
2020-09-12,Colorado,61311,1994,430,3
2020-09-13,Colorado,61641,1994,330,0
2020-09-14,Colorado,62032,2000,391,6
2020-09-15,Colorado,62575,2006,543,6
2020-09-16,Colorado,63068,2010,493,4
2020-09-17,Colorado,63613,2016,545,6
2020-09-18,Colorado,64277,2020,664,4
2020-09-19,Colorado,64694,2022,417,2
2020-09-20,Colorado,65248,2023,554,1
2020-09-21,Colorado,65936,2031,688,8
2020-09-22,Colorado,66552,2034,616,3
2020-09-23,Colorado,67186,2038,634,4
2020-09-24,Colorado,67745,2042,559,4
2020-09-25,Colorado,68506,2045,761,3
2020-09-26,Colorado,68973,2047,467,2
2020-09-27,Colorado,69472,2048,499,1
2020-09-28,Colorado,69967,2052,495,4
2020-09-29,Colorado,70458,2058,491,6
2020-09-30,Colorado,71090,2061,632,3
2020-10-01,Colorado,71723,2064,633,3
2020-10-02,Colorado,72454,2069,731,5
2020-10-03,Colorado,72929,2071,475,2
2020-10-04,Colorado,73389,2077,460,6
2020-10-05,Colorado,74029,2085,640,8
2020-10-06,Colorado,74535,2094,506,9
2020-10-07,Colorado,75410,2097,875,3
2020-10-08,Colorado,76186,2107,776,10
2020-10-09,Colorado,77068,2115,882,8
2020-10-10,Colorado,78047,2121,979,6
2020-10-11,Colorado,78752,2134,705,13
2020-10-12,Colorado,79499,2144,747,10
2020-10-13,Colorado,80414,2181,915,37
2020-10-14,Colorado,81205,2186,791,5
2020-10-15,Colorado,82443,2187,1238,1
2020-10-16,Colorado,83712,2196,1269,9
2020-10-17,Colorado,84804,2199,1092,3
2020-10-18,Colorado,85803,2199,999,0
2020-10-19,Colorado,86727,2207,924,8
2020-10-20,Colorado,87966,2212,1239,5
2020-10-21,Colorado,89245,2220,1279,8
2020-10-22,Colorado,90639,2224,1394,4
2020-10-23,Colorado,92067,2233,1428,9
2020-10-24,Colorado,93989,2241,1922,8
2020-10-25,Colorado,95742,2244,1753,3
2020-10-26,Colorado,97686,2255,1944,11
2020-10-27,Colorado,99111,2265,1425,10
2020-10-28,Colorado,100614,2277,1503,12
2020-10-29,Colorado,102665,2295,2051,18
2020-10-30,Colorado,104927,2302,2262,7
2020-10-31,Colorado,107844,2309,2917,7
2020-11-01,Colorado,110640,2312,2796,3
2020-11-02,Colorado,112821,2320,2181,8
2020-11-03,Colorado,115364,2337,2543,17
2020-11-04,Colorado,118356,2366,2992,29
2020-11-05,Colorado,122170,2383,3814,17
2020-11-06,Colorado,125397,2404,3227,21
2020-11-07,Colorado,128611,2417,3214,13
2020-11-08,Colorado,131870,2421,3259,4
2020-11-09,Colorado,135747,2438,3877,17
2020-11-10,Colorado,139246,2469,3499,31
2020-11-11,Colorado,143553,2481,4307,12
2020-11-12,Colorado,149262,2512,5709,31
2020-11-13,Colorado,155761,2541,6499,29
2020-11-14,Colorado,160459,2554,4698,13
2020-11-15,Colorado,164408,2574,3949,20
2020-11-16,Colorado,168890,2605,4482,31
2020-11-17,Colorado,173220,2626,4330,21
2020-11-18,Colorado,178224,2669,5004,43
2020-11-19,Colorado,184260,2734,6036,65
2020-11-20,Colorado,190100,2752,5840,18
2020-11-21,Colorado,195220,2791,5120,39
2020-11-22,Colorado,199296,2811,4076,20
2020-11-23,Colorado,203578,2821,4282,10
2020-11-24,Colorado,207882,2868,4304,47
2020-11-25,Colorado,212416,2930,4534,62
2020-11-26,Colorado,217655,2977,5239,47
2020-11-27,Colorado,222544,2998,4889,21
2020-11-28,Colorado,226567,3012,4023,14
2020-11-29,Colorado,230057,3025,3490,13
2020-11-30,Colorado,234502,3060,4445,35
2020-12-01,Colorado,238779,3136,4277,76
2020-12-02,Colorado,243324,3226,4545,90
2020-12-03,Colorado,248779,3335,5455,109
2020-12-04,Colorado,252960,3375,4181,40
2020-12-05,Colorado,258124,3415,5164,40
2020-12-06,Colorado,262460,3437,4336,22
2020-12-07,Colorado,266670,3466,4210,29
2020-12-08,Colorado,270381,3508,3711,42
2020-12-09,Colorado,274354,3671,3973,163
2020-12-10,Colorado,278916,3795,4562,124
2020-12-11,Colorado,283571,3858,4655,63
2020-12-12,Colorado,287364,3916,3793,58
2020-12-13,Colorado,289679,3982,2315,66
2020-12-14,Colorado,291645,4015,1966,33
2020-12-15,Colorado,295558,4131,3913,116
2020-12-16,Colorado,298492,4192,2934,61
2020-12-17,Colorado,302086,4265,3594,73
2020-12-18,Colorado,305622,4323,3536,58
2020-12-19,Colorado,308350,4400,2728,77
2020-12-20,Colorado,310522,4420,2172,20
2020-12-21,Colorado,312713,4432,2191,12
2020-12-22,Colorado,315397,4464,2684,32
2020-12-23,Colorado,318027,4531,2630,67
2020-12-24,Colorado,320714,4610,2687,79
2020-12-25,Colorado,323329,4631,2615,21
2020-12-26,Colorado,324869,4652,1540,21
2020-12-27,Colorado,326276,4660,1407,8
2020-12-28,Colorado,328249,4699,1973,39
2020-12-29,Colorado,330118,4758,1869,59
2020-12-30,Colorado,332686,4822,2568,64
2020-12-31,Colorado,335579,4879,2893,57
2021-01-01,Colorado,338357,4936,2778,57
2021-01-02,Colorado,340454,4976,2097,40
2021-01-03,Colorado,342494,4997,2040,21
2021-01-04,Colorado,345239,5011,2745,14
2021-01-05,Colorado,348483,5058,3244,47
2021-01-06,Colorado,350560,5080,2077,22
2021-01-07,Colorado,354998,5164,4438,84
2021-01-08,Colorado,357465,5207,2467,43
2021-01-09,Colorado,360857,5262,3392,55
2021-01-10,Colorado,363019,5279,2162,17
2021-01-11,Colorado,364815,5291,1796,12
2021-01-12,Colorado,366385,5326,1570,35
2021-01-13,Colorado,368775,5354,2390,28
2021-01-14,Colorado,371362,5385,2587,31
2021-01-15,Colorado,373647,5417,2285,32
2021-01-16,Colorado,375463,5440,1816,23
2021-01-17,Colorado,376921,5454,1458,14
2021-01-18,Colorado,378311,5462,1390,8
2021-01-19,Colorado,379999,5473,1688,11
2021-01-20,Colorado,381414,5509,1415,36
2021-01-21,Colorado,382918,5523,1504,14
2021-01-22,Colorado,385153,5548,2235,25
2021-01-23,Colorado,386432,5561,1279,13
2021-01-24,Colorado,387960,5588,1528,27
2021-01-25,Colorado,389227,5602,1267,14
2021-01-26,Colorado,390662,5617,1435,15
2021-01-27,Colorado,392448,5648,1786,31
2021-01-28,Colorado,394668,5670,2220,22
2021-01-29,Colorado,395772,5694,1104,24
2021-01-30,Colorado,396120,5696,348,2
2021-01-31,Colorado,397138,5711,1018,15
2021-02-01,Colorado,399384,5737,2246,26
2021-02-02,Colorado,400383,5747,999,10
2021-02-03,Colorado,401751,5759,1368,12
2021-02-04,Colorado,403412,5774,1661,15
2021-02-05,Colorado,405200,5804,1788,30
2021-02-06,Colorado,406577,5819,1377,15
2021-02-07,Colorado,407701,5828,1124,9
2021-02-08,Colorado,408793,5832,1092,4
2021-02-09,Colorado,409652,5842,859,10
2021-02-10,Colorado,410384,5868,732,26
2021-02-11,Colorado,411997,5881,1613,13
2021-02-12,Colorado,414171,5893,2174,12
2021-02-13,Colorado,415261,5913,1090,20
2021-02-14,Colorado,415857,5921,596,8
2021-02-15,Colorado,416905,5924,1048,3
2021-02-16,Colorado,417688,5932,783,8
2021-02-17,Colorado,418822,5945,1134,13
2021-02-18,Colorado,420094,5966,1272,21
2021-02-19,Colorado,421327,5980,1233,14
2021-02-20,Colorado,422240,5984,913,4
2021-02-21,Colorado,423208,5989,968,5
2021-02-22,Colorado,424097,5990,889,1
2021-02-23,Colorado,425155,6003,1058,13
2021-02-24,Colorado,426281,6012,1126,9
2021-02-25,Colorado,427499,6019,1218,7
2021-02-26,Colorado,428475,6023,976,4
2021-02-27,Colorado,430129,6038,1654,15
2021-02-28,Colorado,430970,6045,841,7
2021-03-01,Colorado,432186,6046,1216,1
2021-03-02,Colorado,432939,6054,753,8
2021-03-03,Colorado,434143,6063,1204,9
2021-03-04,Colorado,435448,6066,1305,3
2021-03-05,Colorado,436848,6075,1400,9
2021-03-06,Colorado,437650,6075,802,0
2021-03-07,Colorado,437726,6075,76,0
2021-03-08,Colorado,439609,6079,1883,4
2021-03-09,Colorado,440479,6084,870,5
2021-03-10,Colorado,441611,6092,1132,8
2021-03-11,Colorado,442599,6108,988,16
2021-03-12,Colorado,443842,6113,1243,5
2021-03-13,Colorado,445139,6118,1297,5
2021-03-14,Colorado,445953,6118,814,0
2021-03-15,Colorado,446827,6121,874,3
2021-03-16,Colorado,447149,6129,322,8
2021-03-17,Colorado,447840,6136,691,7
2021-03-18,Colorado,449206,6144,1366,8
2021-03-19,Colorado,450349,6142,1143,0
2021-03-20,Colorado,452174,6148,1825,6
2021-03-21,Colorado,452727,6148,553,0
2021-03-22,Colorado,453045,6149,318,1
2021-03-23,Colorado,453976,6150,931,1
2021-03-24,Colorado,456069,6158,2093,8
2021-03-25,Colorado,457010,6161,941,3
2021-03-26,Colorado,458106,6161,1096,0
2021-03-27,Colorado,460114,6165,2008,4
2021-03-28,Colorado,460827,6165,713,0
2021-03-29,Colorado,461969,6166,1142,1
2021-03-30,Colorado,462991,6172,1022,6
2021-03-31,Colorado,464782,6175,1791,3
2021-04-01,Colorado,466368,6183,1586,8
2021-04-02,Colorado,468002,6184,1634,1
2021-04-03,Colorado,469052,6187,1050,3
2021-04-04,Colorado,470757,6190,1705,3
2021-04-05,Colorado,471702,6190,945,0
2021-04-06,Colorado,472941,6194,1239,4
2021-04-07,Colorado,473913,6195,972,1
2021-04-08,Colorado,476630,6200,2717,5
2021-04-09,Colorado,478535,6203,1905,3
2021-04-10,Colorado,479514,6209,979,6
2021-04-11,Colorado,481331,6210,1817,1
2021-04-12,Colorado,482471,6209,1140,0
2021-04-13,Colorado,484079,6306,1608,97
2021-04-14,Colorado,486277,6309,2198,3
