date,state,total cases,total deaths,new cases,new deaths
2020-03-08,Connecticut,1,0,1,0
2020-03-09,Connecticut,2,0,1,0
2020-03-10,Connecticut,2,0,0,0
2020-03-11,Connecticut,3,0,1,0
2020-03-12,Connecticut,6,0,3,0
2020-03-13,Connecticut,11,0,5,0
2020-03-14,Connecticut,20,0,9,0
2020-03-15,Connecticut,26,0,6,0
2020-03-16,Connecticut,41,0,15,0
2020-03-17,Connecticut,68,0,27,0
2020-03-18,Connecticut,96,1,28,1
2020-03-19,Connecticut,159,4,63,3
2020-03-20,Connecticut,194,4,35,0
2020-03-21,Connecticut,223,5,29,1
2020-03-22,Connecticut,327,8,104,3
2020-03-23,Connecticut,415,10,88,2
2020-03-24,Connecticut,618,12,203,2
2020-03-25,Connecticut,875,19,257,7
2020-03-26,Connecticut,1012,21,137,2
2020-03-27,Connecticut,1291,27,279,6
2020-03-28,Connecticut,1524,33,233,6
2020-03-29,Connecticut,1993,34,469,1
2020-03-30,Connecticut,2571,36,578,2
2020-03-31,Connecticut,3128,69,557,33
2020-04-01,Connecticut,3557,85,429,16
2020-04-02,Connecticut,3824,112,267,27
2020-04-03,Connecticut,4915,132,1091,20
2020-04-04,Connecticut,5276,165,361,33
2020-04-05,Connecticut,5675,189,399,24
2020-04-06,Connecticut,6906,206,1231,17
2020-04-07,Connecticut,7781,277,875,71
2020-04-08,Connecticut,8781,335,1000,58
2020-04-09,Connecticut,9784,380,1003,45
2020-04-10,Connecticut,10538,448,754,68
2020-04-11,Connecticut,11510,494,972,46
2020-04-12,Connecticut,12035,554,525,60
2020-04-13,Connecticut,13381,602,1346,48
2020-04-14,Connecticut,13989,671,608,69
2020-04-15,Connecticut,14755,868,766,197
2020-04-16,Connecticut,15884,971,1129,103
2020-04-17,Connecticut,16809,1036,925,65
2020-04-18,Connecticut,17550,1086,741,50
2020-04-19,Connecticut,17962,1127,412,41
2020-04-20,Connecticut,19815,1331,1853,204
2020-04-21,Connecticut,20360,1423,545,92
2020-04-22,Connecticut,22469,1544,2109,121
2020-04-23,Connecticut,23100,1639,631,95
2020-04-24,Connecticut,23921,1764,821,125
2020-04-25,Connecticut,24582,1862,661,98
2020-04-26,Connecticut,25269,1925,687,63
2020-04-27,Connecticut,25997,2012,728,87
2020-04-28,Connecticut,26312,2089,315,77
2020-04-29,Connecticut,26767,2168,455,79
2020-04-30,Connecticut,27700,2257,933,89
2020-05-01,Connecticut,28764,2339,1064,82
2020-05-02,Connecticut,29287,2436,523,97
2020-05-03,Connecticut,29287,2436,0,0
2020-05-04,Connecticut,29973,2556,686,120
2020-05-05,Connecticut,30621,2633,648,77
2020-05-06,Connecticut,30995,2718,374,85
2020-05-07,Connecticut,31784,2797,789,79
2020-05-08,Connecticut,32411,2874,627,77
2020-05-09,Connecticut,32984,2932,573,58
2020-05-10,Connecticut,33554,2967,570,35
2020-05-11,Connecticut,33765,3008,211,41
2020-05-12,Connecticut,34333,3041,568,33
2020-05-13,Connecticut,34855,3125,522,84
2020-05-14,Connecticut,35464,3219,609,94
2020-05-15,Connecticut,36085,3285,621,66
2020-05-16,Connecticut,36703,3339,618,54
2020-05-17,Connecticut,37419,3408,716,69
2020-05-18,Connecticut,38116,3449,697,41
2020-05-19,Connecticut,38430,3472,314,23
2020-05-20,Connecticut,39017,3529,587,57
2020-05-21,Connecticut,39208,3582,191,53
2020-05-22,Connecticut,39640,3637,432,55
2020-05-23,Connecticut,40022,3675,382,38
2020-05-24,Connecticut,40468,3693,446,18
2020-05-25,Connecticut,40873,3742,405,49
2020-05-26,Connecticut,41303,3769,430,27
2020-05-27,Connecticut,41288,3803,0,34
2020-05-28,Connecticut,41559,3826,271,23
2020-05-29,Connecticut,41762,3868,203,42
2020-05-30,Connecticut,42022,3912,260,44
2020-05-31,Connecticut,42201,3944,179,32
2020-06-01,Connecticut,42740,3964,539,20
2020-06-02,Connecticut,42979,3972,239,8
2020-06-03,Connecticut,43091,3989,112,17
2020-06-04,Connecticut,43239,4007,148,18
2020-06-05,Connecticut,43460,4038,221,31
2020-06-06,Connecticut,43818,4055,358,17
2020-06-07,Connecticut,43968,4071,150,16
2020-06-08,Connecticut,44092,4084,124,13
2020-06-09,Connecticut,44179,4097,87,13
2020-06-10,Connecticut,44347,4120,168,23
2020-06-11,Connecticut,44461,4146,114,26
2020-06-12,Connecticut,44689,4159,228,13
2020-06-13,Connecticut,44994,4186,305,27
2020-06-14,Connecticut,45088,4201,94,15
2020-06-15,Connecticut,45235,4204,147,3
2020-06-16,Connecticut,45349,4210,114,6
2020-06-17,Connecticut,45429,4219,80,9
2020-06-18,Connecticut,45440,4226,11,7
2020-06-19,Connecticut,45557,4238,117,12
2020-06-20,Connecticut,45715,4251,158,13
2020-06-21,Connecticut,45755,4260,40,9
2020-06-22,Connecticut,45782,4263,27,3
2020-06-23,Connecticut,45899,4277,117,14
2020-06-24,Connecticut,45913,4287,14,10
2020-06-25,Connecticut,45994,4298,81,11
2020-06-26,Connecticut,46059,4307,65,9
2020-06-27,Connecticut,46206,4311,147,4
2020-06-28,Connecticut,46303,4316,97,5
2020-06-29,Connecticut,46362,4320,59,4
2020-06-30,Connecticut,46514,4322,152,2
2020-07-01,Connecticut,46572,4324,58,2
2020-07-02,Connecticut,46646,4326,74,2
2020-07-03,Connecticut,46717,4335,71,9
2020-07-04,Connecticut,46717,4335,0,0
2020-07-05,Connecticut,46717,4335,0,0
2020-07-06,Connecticut,46976,4338,259,3
2020-07-07,Connecticut,47033,4338,57,0
2020-07-08,Connecticut,47108,4343,75,5
2020-07-09,Connecticut,47209,4348,101,5
2020-07-10,Connecticut,47287,4348,78,0
2020-07-11,Connecticut,47287,4348,0,0
2020-07-12,Connecticut,47287,4348,0,0
2020-07-13,Connecticut,47510,4371,223,23
2020-07-14,Connecticut,47530,4372,20,1
2020-07-15,Connecticut,47636,4380,106,8
2020-07-16,Connecticut,47750,4389,114,9
2020-07-17,Connecticut,47893,4396,143,7
2020-07-18,Connecticut,47893,4396,0,0
2020-07-19,Connecticut,47893,4396,0,0
2020-07-20,Connecticut,48055,4406,162,10
2020-07-21,Connecticut,48096,4406,41,0
2020-07-22,Connecticut,48223,4406,127,0
2020-07-23,Connecticut,48232,4410,9,4
2020-07-24,Connecticut,48776,4413,544,3
2020-07-25,Connecticut,48776,4413,0,0
2020-07-26,Connecticut,48776,4413,0,0
2020-07-27,Connecticut,48983,4418,207,5
2020-07-28,Connecticut,49077,4423,94,5
2020-07-29,Connecticut,49540,4425,463,2
2020-07-30,Connecticut,49670,4431,130,6
2020-07-31,Connecticut,49810,4432,140,1
2020-08-01,Connecticut,49810,4432,0,0
2020-08-02,Connecticut,49810,4432,0,0
2020-08-03,Connecticut,50062,4437,252,5
2020-08-04,Connecticut,50110,4437,48,0
2020-08-05,Connecticut,50225,4437,115,0
2020-08-06,Connecticut,50245,4437,20,0
2020-08-07,Connecticut,50320,4441,75,4
2020-08-08,Connecticut,50320,4441,0,0
2020-08-09,Connecticut,50320,4441,0,0
2020-08-10,Connecticut,50567,4444,247,3
2020-08-11,Connecticut,50684,4444,117,0
2020-08-12,Connecticut,50706,4450,22,6
2020-08-13,Connecticut,50782,4450,76,0
2020-08-14,Connecticut,50897,4453,115,3
2020-08-15,Connecticut,50897,4453,0,0
2020-08-16,Connecticut,50897,4453,0,0
2020-08-17,Connecticut,51267,4456,370,3
2020-08-18,Connecticut,51255,4456,0,0
2020-08-19,Connecticut,51314,4457,59,1
2020-08-20,Connecticut,51432,4458,118,1
2020-08-21,Connecticut,51519,4460,87,2
2020-08-22,Connecticut,51519,4460,0,0
2020-08-23,Connecticut,51519,4460,0,0
2020-08-24,Connecticut,52011,4460,492,0
2020-08-25,Connecticut,52040,4463,29,3
2020-08-26,Connecticut,52220,4463,180,0
2020-08-27,Connecticut,52350,4465,130,2
2020-08-28,Connecticut,52495,4465,145,0
2020-08-29,Connecticut,52495,4465,0,0
2020-08-30,Connecticut,52495,4465,0,0
2020-08-31,Connecticut,52879,4465,384,0
2020-09-01,Connecticut,53006,4466,127,1
2020-09-02,Connecticut,53108,4467,102,1
2020-09-03,Connecticut,53209,4468,101,1
2020-09-04,Connecticut,53365,4468,156,0
2020-09-05,Connecticut,53365,4468,0,0
2020-09-06,Connecticut,53365,4468,0,0
2020-09-07,Connecticut,53365,4468,0,0
2020-09-08,Connecticut,53782,4474,417,6
2020-09-09,Connecticut,53871,4474,89,0
2020-09-10,Connecticut,54093,4478,222,4
2020-09-11,Connecticut,54326,4480,233,2
2020-09-12,Connecticut,54326,4480,0,0
2020-09-13,Connecticut,54326,4480,0,0
2020-09-14,Connecticut,54895,4485,569,5
2020-09-15,Connecticut,55031,4485,136,0
2020-09-16,Connecticut,55166,4487,135,2
2020-09-17,Connecticut,55386,4488,220,1
2020-09-18,Connecticut,55527,4492,141,4
2020-09-19,Connecticut,55527,4492,0,0
2020-09-20,Connecticut,55527,4492,0,0
2020-09-21,Connecticut,56024,4495,497,3
2020-09-22,Connecticut,56160,4496,136,1
2020-09-23,Connecticut,56315,4497,155,1
2020-09-24,Connecticut,56472,4499,157,2
2020-09-25,Connecticut,56587,4501,115,2
2020-09-26,Connecticut,56587,4501,0,0
2020-09-27,Connecticut,56587,4501,0,0
2020-09-28,Connecticut,57147,4503,560,2
2020-09-29,Connecticut,57329,4505,182,2
2020-09-30,Connecticut,57550,4508,221,3
2020-10-01,Connecticut,57742,4511,192,3
2020-10-02,Connecticut,58297,4513,555,2
2020-10-03,Connecticut,58297,4513,0,0
2020-10-04,Connecticut,58297,4513,0,0
2020-10-05,Connecticut,59120,4517,823,4
2020-10-06,Connecticut,59241,4521,121,4
2020-10-07,Connecticut,59364,4522,123,1
2020-10-08,Connecticut,59748,4527,384,5
2020-10-09,Connecticut,60038,4530,290,3
2020-10-10,Connecticut,60038,4530,0,0
2020-10-11,Connecticut,60038,4530,0,0
2020-10-12,Connecticut,61377,4532,1339,2
2020-10-13,Connecticut,61697,4533,320,1
2020-10-14,Connecticut,61861,4537,164,4
2020-10-15,Connecticut,62028,4540,167,3
2020-10-16,Connecticut,62830,4542,802,2
2020-10-17,Connecticut,62830,4542,0,0
2020-10-18,Connecticut,62830,4542,0,0
2020-10-19,Connecticut,64021,4554,1191,12
2020-10-20,Connecticut,64455,4559,434,5
2020-10-21,Connecticut,64871,4567,416,8
2020-10-22,Connecticut,65373,4569,502,2
2020-10-23,Connecticut,66052,4577,679,8
2020-10-24,Connecticut,66052,4577,0,0
2020-10-25,Connecticut,66052,4577,0,0
2020-10-26,Connecticut,68099,4589,2047,12
2020-10-27,Connecticut,68637,4595,538,6
2020-10-28,Connecticut,69127,4604,490,9
2020-10-29,Connecticut,70446,4609,1319,5
2020-10-30,Connecticut,71207,4616,761,7
2020-10-31,Connecticut,71207,4616,0,0
2020-11-01,Connecticut,71207,4616,0,0
2020-11-02,Connecticut,73858,4627,2651,11
2020-11-03,Connecticut,74843,4635,985,8
2020-11-04,Connecticut,75373,4645,530,10
2020-11-05,Connecticut,77060,4656,1687,11
2020-11-06,Connecticut,78125,4671,1065,15
2020-11-07,Connecticut,78125,4671,0,0
2020-11-08,Connecticut,78125,4671,0,0
2020-11-09,Connecticut,81463,4698,3338,27
2020-11-10,Connecticut,82987,4707,1524,9
2020-11-11,Connecticut,84741,4716,1754,9
2020-11-12,Connecticut,85899,4726,1158,10
2020-11-13,Connecticut,88645,4737,2746,11
2020-11-14,Connecticut,88645,4737,0,0
2020-11-15,Connecticut,88645,4737,0,0
2020-11-16,Connecticut,93284,4759,4639,22
2020-11-17,Connecticut,94986,4771,1702,12
2020-11-18,Connecticut,97028,4784,2042,13
2020-11-19,Connecticut,99381,4805,2353,21
2020-11-20,Connecticut,101469,4828,2088,23
2020-11-21,Connecticut,101469,4828,0,0
2020-11-22,Connecticut,101469,4828,0,0
2020-11-23,Connecticut,106740,4871,5271,43
2020-11-24,Connecticut,107280,4881,540,10
2020-11-25,Connecticut,109152,4926,1872,45
2020-11-26,Connecticut,109152,4926,0,0
2020-11-27,Connecticut,112581,4961,3429,35
2020-11-28,Connecticut,112581,4961,0,0
2020-11-29,Connecticut,112581,4961,0,0
2020-11-30,Connecticut,117295,5020,4714,59
2020-12-01,Connecticut,118754,5040,1459,20
2020-12-02,Connecticut,121426,5091,2672,51
2020-12-03,Connecticut,126177,5111,4751,20
2020-12-04,Connecticut,127715,5146,1538,35
2020-12-05,Connecticut,127715,5146,0,0
2020-12-06,Connecticut,127715,5146,0,0
2020-12-07,Connecticut,135844,5224,8129,78
2020-12-08,Connecticut,138258,5242,2414,18
2020-12-09,Connecticut,140548,5285,2290,43
2020-12-10,Connecticut,142979,5327,2431,42
2020-12-11,Connecticut,146761,5363,3782,36
2020-12-12,Connecticut,146761,5363,0,0
2020-12-13,Connecticut,146761,5363,0,0
2020-12-14,Connecticut,153992,5444,7231,81
2020-12-15,Connecticut,155462,5466,1470,22
2020-12-16,Connecticut,157781,5506,2319,40
2020-12-17,Connecticut,160102,5552,2321,46
2020-12-18,Connecticut,162782,5581,2680,29
2020-12-19,Connecticut,162782,5581,0,0
2020-12-20,Connecticut,162782,5581,0,0
2020-12-21,Connecticut,167377,5676,4595,95
2020-12-22,Connecticut,168960,5703,1583,27
2020-12-23,Connecticut,170705,5736,1745,33
2020-12-24,Connecticut,172743,5791,2038,55
2020-12-25,Connecticut,172743,5791,0,0
2020-12-26,Connecticut,172743,5791,0,0
2020-12-27,Connecticut,172743,5791,0,0
2020-12-28,Connecticut,181200,5904,8457,113
2020-12-29,Connecticut,181967,5924,767,20
2020-12-30,Connecticut,183663,5964,1696,40
2020-12-31,Connecticut,185708,5995,2045,31
2021-01-01,Connecticut,185708,5995,0,0
2021-01-02,Connecticut,190120,6099,4412,104
2021-01-03,Connecticut,190120,6099,0,0
2021-01-04,Connecticut,194636,6168,4516,69
2021-01-05,Connecticut,196968,6192,2332,24
2021-01-06,Connecticut,199454,6230,2486,38
2021-01-07,Connecticut,202758,6287,3304,57
2021-01-08,Connecticut,205994,6324,3236,37
2021-01-09,Connecticut,205994,6324,0,0
2021-01-10,Connecticut,205994,6324,0,0
2021-01-11,Connecticut,213358,6416,7364,92
2021-01-12,Connecticut,217047,6449,3689,33
2021-01-13,Connecticut,220576,6536,3529,87
2021-01-14,Connecticut,221544,6553,968,17
2021-01-15,Connecticut,223422,6594,1878,41
2021-01-16,Connecticut,223422,6594,0,0
2021-01-17,Connecticut,223422,6594,0,0
2021-01-18,Connecticut,230125,6670,6703,76
2021-01-19,Connecticut,232219,6682,2094,12
2021-01-20,Connecticut,234134,6726,1915,44
2021-01-21,Connecticut,235796,6774,1662,48
2021-01-22,Connecticut,237815,6819,2019,45
2021-01-23,Connecticut,237815,6819,0,0
2021-01-24,Connecticut,237815,6819,0,0
2021-01-25,Connecticut,243632,6911,5817,92
2021-01-26,Connecticut,244899,6934,1267,23
2021-01-27,Connecticut,247339,6976,2440,42
2021-01-28,Connecticut,248765,7020,1426,44
2021-01-29,Connecticut,250023,7046,1258,26
2021-01-30,Connecticut,250023,7046,0,0
2021-01-31,Connecticut,250023,7046,0,0
2021-02-01,Connecticut,253954,7119,3931,73
2021-02-02,Connecticut,256522,7133,2568,14
2021-02-03,Connecticut,257004,7157,482,24
2021-02-04,Connecticut,257941,7185,937,28
2021-02-05,Connecticut,259372,7214,1431,29
2021-02-06,Connecticut,259372,7214,0,0
2021-02-07,Connecticut,259372,7214,0,0
2021-02-08,Connecticut,263739,7282,4367,68
2021-02-09,Connecticut,264608,7298,869,16
2021-02-10,Connecticut,265496,7326,888,28
2021-02-11,Connecticut,266499,7354,1003,28
2021-02-12,Connecticut,267337,7381,838,27
2021-02-13,Connecticut,267337,7381,0,0
2021-02-14,Connecticut,267337,7381,0,0
2021-02-15,Connecticut,270242,7447,2905,66
2021-02-16,Connecticut,270822,7449,580,2
2021-02-17,Connecticut,271356,7476,534,27
2021-02-18,Connecticut,271903,7496,547,20
2021-02-19,Connecticut,273101,7523,1198,27
2021-02-20,Connecticut,273101,7523,0,0
2021-02-21,Connecticut,273101,7523,0,0
2021-02-22,Connecticut,275334,7562,2233,39
2021-02-23,Connecticut,276691,7572,1357,10
2021-02-24,Connecticut,278184,7595,1493,23
2021-02-25,Connecticut,279159,7614,975,19
2021-02-26,Connecticut,279946,7622,787,8
2021-02-27,Connecticut,279946,7622,0,0
2021-02-28,Connecticut,279946,7622,0,0
2021-03-01,Connecticut,282626,7651,2680,29
2021-03-02,Connecticut,283128,7658,502,7
2021-03-03,Connecticut,283622,7678,494,20
2021-03-04,Connecticut,284500,7693,878,15
2021-03-05,Connecticut,285330,7704,830,11
2021-03-06,Connecticut,285330,7704,0,0
2021-03-07,Connecticut,285330,7704,0,0
2021-03-08,Connecticut,287396,7725,2066,21
2021-03-09,Connecticut,288145,7739,749,14
2021-03-10,Connecticut,288657,7752,512,13
2021-03-11,Connecticut,289392,7761,735,9
2021-03-12,Connecticut,290577,7765,1185,4
2021-03-13,Connecticut,290577,7765,0,0
2021-03-14,Connecticut,290577,7765,0,0
2021-03-15,Connecticut,293102,7788,2525,23
2021-03-16,Connecticut,293955,7799,853,11
2021-03-17,Connecticut,294328,7807,373,8
2021-03-18,Connecticut,295484,7822,1156,15
2021-03-19,Connecticut,296691,7832,1207,10
2021-03-20,Connecticut,296691,7832,0,0
2021-03-21,Connecticut,296691,7832,0,0
2021-03-22,Connecticut,299667,7841,2976,9
2021-03-23,Connecticut,300565,7845,898,4
2021-03-24,Connecticut,302022,7852,1457,7
2021-03-25,Connecticut,303510,7862,1488,10
2021-03-26,Connecticut,305210,7865,1700,3
2021-03-27,Connecticut,305210,7865,0,0
2021-03-28,Connecticut,305210,7865,0,0
2021-03-29,Connecticut,308439,7883,3229,18
2021-03-30,Connecticut,310056,7885,1617,2
2021-03-31,Connecticut,310888,7886,832,1
2021-04-01,Connecticut,312468,7900,1580,14
2021-04-02,Connecticut,313956,7904,1488,4
2021-04-03,Connecticut,313956,7904,0,0
2021-04-04,Connecticut,313956,7904,0,0
2021-04-05,Connecticut,316655,7923,2699,19
2021-04-06,Connecticut,317729,7930,1074,7
2021-04-07,Connecticut,318767,7935,1038,5
2021-04-08,Connecticut,319779,7940,1012,5
2021-04-09,Connecticut,321586,7944,1807,4
2021-04-10,Connecticut,321586,7944,0,0
2021-04-11,Connecticut,321586,7944,0,0
2021-04-12,Connecticut,324571,7957,2985,13
2021-04-13,Connecticut,325689,7974,1118,17
2021-04-14,Connecticut,327298,7984,1609,10
2021-04-15,Connecticut,328000,7990,702,6
2021-04-16,Connecticut,329062,7995,1062,5
2021-04-17,Connecticut,329062,7995,0,0
2021-04-18,Connecticut,329062,7995,0,0
2021-04-19,Connecticut,331401,8014,2339,19
2021-04-20,Connecticut,332139,8020,738,6
2021-04-21,Connecticut,332995,8027,856,7
2021-04-22,Connecticut,333732,8039,737,12
2021-04-23,Connecticut,334766,8047,1034,8
2021-04-24,Connecticut,334766,8047,0,0
2021-04-25,Connecticut,334766,8047,0,0
2021-04-26,Connecticut,336933,8066,2167,19
2021-04-27,Connecticut,337340,8067,407,1
2021-04-28,Connecticut,337961,8080,621,13
2021-04-29,Connecticut,338447,8084,486,4
2021-04-30,Connecticut,339233,8097,786,13
2021-05-01,Connecticut,339233,8097,0,0
2021-05-02,Connecticut,339233,8097,0,0
2021-05-03,Connecticut,340545,8112,1312,15
2021-05-04,Connecticut,340962,8117,417,5
2021-05-05,Connecticut,341571,8124,609,7
2021-05-06,Connecticut,342282,8131,711,7
2021-05-07,Connecticut,342718,8137,436,6
2021-05-08,Connecticut,342718,8137,0,0
2021-05-09,Connecticut,342718,8137,0,0
2021-05-10,Connecticut,343545,8154,827,17
2021-05-11,Connecticut,343954,8156,409,2
2021-05-12,Connecticut,344141,8161,187,5
2021-05-13,Connecticut,344612,8168,471,7
2021-05-14,Connecticut,344977,8173,365,5
2021-05-15,Connecticut,344977,8173,0,0
2021-05-16,Connecticut,344977,8173,0,0
2021-05-17,Connecticut,345639,8194,662,21
2021-05-18,Connecticut,345720,8198,81,4
2021-05-19,Connecticut,345948,8204,228,6
2021-05-20,Connecticut,346154,8208,206,4
