date,state,total cases,total deaths,new cases,new deaths
2020-03-07,District of Columbia,1,0,1,0
2020-03-08,District of Columbia,1,0,0,0
2020-03-09,District of Columbia,4,0,3,0
2020-03-10,District of Columbia,4,0,0,0
2020-03-11,District of Columbia,10,0,6,0
2020-03-12,District of Columbia,10,0,0,0
2020-03-13,District of Columbia,10,0,0,0
2020-03-14,District of Columbia,16,0,6,0
2020-03-15,District of Columbia,17,0,1,0
2020-03-16,District of Columbia,22,0,5,0
2020-03-17,District of Columbia,31,0,9,0
2020-03-18,District of Columbia,36,0,5,0
2020-03-19,District of Columbia,39,0,3,0
2020-03-20,District of Columbia,71,0,32,0
2020-03-21,District of Columbia,77,1,6,1
2020-03-22,District of Columbia,98,1,21,0
2020-03-23,District of Columbia,116,2,18,1
2020-03-24,District of Columbia,137,2,21,0
2020-03-25,District of Columbia,183,2,46,0
2020-03-26,District of Columbia,231,3,48,1
2020-03-27,District of Columbia,267,3,36,0
2020-03-28,District of Columbia,304,4,37,1
2020-03-29,District of Columbia,342,5,38,1
2020-03-30,District of Columbia,401,9,59,4
2020-03-31,District of Columbia,495,9,94,0
2020-04-01,District of Columbia,586,11,91,2
2020-04-02,District of Columbia,653,12,67,1
2020-04-03,District of Columbia,757,15,104,3
2020-04-04,District of Columbia,902,21,145,6
2020-04-05,District of Columbia,998,22,96,1
2020-04-06,District of Columbia,1097,24,99,2
2020-04-07,District of Columbia,1211,24,114,0
2020-04-08,District of Columbia,1440,27,229,3
2020-04-09,District of Columbia,1523,32,83,5
2020-04-10,District of Columbia,1660,38,137,6
2020-04-11,District of Columbia,1778,47,118,9
2020-04-12,District of Columbia,1875,50,97,3
2020-04-13,District of Columbia,1955,52,80,2
2020-04-14,District of Columbia,2058,67,103,15
2020-04-15,District of Columbia,2197,72,139,5
2020-04-16,District of Columbia,2350,81,153,9
2020-04-17,District of Columbia,2476,86,126,5
2020-04-18,District of Columbia,2666,91,190,5
2020-04-19,District of Columbia,2793,96,127,5
2020-04-20,District of Columbia,2927,105,134,9
2020-04-21,District of Columbia,3098,112,171,7
2020-04-22,District of Columbia,3206,127,108,15
2020-04-23,District of Columbia,3361,139,155,12
2020-04-24,District of Columbia,3528,153,167,14
2020-04-25,District of Columbia,3699,165,171,12
2020-04-26,District of Columbia,3841,178,142,13
2020-04-27,District of Columbia,3892,185,51,7
2020-04-28,District of Columbia,3994,190,102,5
2020-04-29,District of Columbia,4106,205,112,15
2020-04-30,District of Columbia,4323,224,217,19
2020-05-01,District of Columbia,4658,231,335,7
2020-05-02,District of Columbia,4797,240,139,9
2020-05-03,District of Columbia,5016,251,219,11
2020-05-04,District of Columbia,5170,258,154,7
2020-05-05,District of Columbia,5322,264,152,6
2020-05-06,District of Columbia,5461,277,139,13
2020-05-07,District of Columbia,5654,285,193,8
2020-05-08,District of Columbia,5899,304,245,19
2020-05-09,District of Columbia,6102,311,203,7
2020-05-10,District of Columbia,6272,323,170,12
2020-05-11,District of Columbia,6389,328,117,5
2020-05-12,District of Columbia,6485,336,96,8
2020-05-13,District of Columbia,6584,350,99,14
2020-05-14,District of Columbia,6736,358,152,8
2020-05-15,District of Columbia,6871,368,135,10
2020-05-16,District of Columbia,7042,375,171,7
2020-05-17,District of Columbia,7123,383,81,8
2020-05-18,District of Columbia,7270,392,147,9
2020-05-19,District of Columbia,7434,400,164,8
2020-05-20,District of Columbia,7551,407,117,7
2020-05-21,District of Columbia,7788,412,237,5
2020-05-22,District of Columbia,7893,418,105,6
2020-05-23,District of Columbia,7966,427,73,9
2020-05-24,District of Columbia,8110,432,144,5
2020-05-25,District of Columbia,8225,440,115,8
2020-05-26,District of Columbia,8334,440,109,0
2020-05-27,District of Columbia,8406,445,72,5
2020-05-28,District of Columbia,8492,453,86,8
2020-05-29,District of Columbia,8538,460,46,7
2020-05-30,District of Columbia,8717,462,179,2
2020-05-31,District of Columbia,8801,466,84,4
2020-06-01,District of Columbia,8857,468,56,2
2020-06-02,District of Columbia,8886,470,29,2
2020-06-03,District of Columbia,9016,473,130,3
2020-06-04,District of Columbia,9120,475,104,2
2020-06-05,District of Columbia,9199,479,79,4
2020-06-06,District of Columbia,9269,483,70,4
2020-06-07,District of Columbia,9332,489,63,6
2020-06-08,District of Columbia,9389,491,57,2
2020-06-09,District of Columbia,9474,495,85,4
2020-06-10,District of Columbia,9537,499,63,4
2020-06-11,District of Columbia,9589,502,52,3
2020-06-12,District of Columbia,9654,506,65,4
2020-06-13,District of Columbia,9709,511,55,5
2020-06-14,District of Columbia,9767,515,58,4
2020-06-15,District of Columbia,9799,515,32,0
2020-06-16,District of Columbia,9818,520,19,5
2020-06-17,District of Columbia,9847,523,29,3
2020-06-18,District of Columbia,9903,527,56,4
2020-06-19,District of Columbia,9952,530,49,3
2020-06-20,District of Columbia,9984,531,32,1
2020-06-21,District of Columbia,10020,533,36,2
2020-06-22,District of Columbia,10058,535,38,2
2020-06-23,District of Columbia,10094,537,36,2
2020-06-24,District of Columbia,10128,541,34,4
2020-06-25,District of Columbia,10159,543,31,2
2020-06-26,District of Columbia,10185,546,26,3
2020-06-27,District of Columbia,10216,548,31,2
2020-06-28,District of Columbia,10248,550,32,2
2020-06-29,District of Columbia,10292,551,44,1
2020-06-30,District of Columbia,10327,551,35,0
2020-07-01,District of Columbia,10365,553,38,2
2020-07-02,District of Columbia,10390,554,25,1
2020-07-03,District of Columbia,10435,555,45,1
2020-07-04,District of Columbia,10447,557,12,2
2020-07-05,District of Columbia,10482,559,35,2
2020-07-06,District of Columbia,10515,561,33,2
2020-07-07,District of Columbia,10569,561,54,0
2020-07-08,District of Columbia,10642,564,73,3
2020-07-09,District of Columbia,10679,568,37,4
2020-07-10,District of Columbia,10743,568,64,0
2020-07-11,District of Columbia,10801,568,58,0
2020-07-12,District of Columbia,10847,568,46,0
2020-07-13,District of Columbia,10906,568,59,0
2020-07-14,District of Columbia,10946,568,40,0
2020-07-15,District of Columbia,11026,571,80,3
2020-07-16,District of Columbia,11076,574,50,3
2020-07-17,District of Columbia,11115,577,39,3
2020-07-18,District of Columbia,11194,578,79,1
2020-07-19,District of Columbia,11261,578,67,0
2020-07-20,District of Columbia,11339,579,78,1
2020-07-21,District of Columbia,11427,580,88,1
2020-07-22,District of Columbia,11529,580,102,0
2020-07-23,District of Columbia,11571,581,42,1
2020-07-24,District of Columbia,11649,581,78,0
2020-07-25,District of Columbia,11717,581,68,0
2020-07-26,District of Columbia,11780,581,63,0
2020-07-27,District of Columbia,11858,582,78,1
2020-07-28,District of Columbia,11945,583,87,1
2020-07-29,District of Columbia,11999,584,54,1
2020-07-30,District of Columbia,12057,584,58,0
2020-07-31,District of Columbia,12126,585,69,1
2020-08-01,District of Columbia,12205,585,79,0
2020-08-02,District of Columbia,12274,586,69,1
2020-08-03,District of Columbia,12313,586,39,0
2020-08-04,District of Columbia,12398,587,85,1
2020-08-05,District of Columbia,12443,587,45,0
2020-08-06,District of Columbia,12518,587,75,0
2020-08-07,District of Columbia,12589,589,71,2
2020-08-08,District of Columbia,12653,590,64,1
2020-08-09,District of Columbia,12753,591,100,1
2020-08-10,District of Columbia,12807,591,54,0
2020-08-11,District of Columbia,12896,593,89,2
2020-08-12,District of Columbia,12959,593,63,0
2020-08-13,District of Columbia,13024,594,65,1
2020-08-14,District of Columbia,13118,594,94,0
2020-08-15,District of Columbia,13159,597,41,3
2020-08-16,District of Columbia,13220,597,61,0
2020-08-17,District of Columbia,13273,597,53,0
2020-08-18,District of Columbia,13325,599,52,2
2020-08-19,District of Columbia,13354,600,29,1
2020-08-20,District of Columbia,13409,601,55,1
2020-08-21,District of Columbia,13469,602,60,1
2020-08-22,District of Columbia,13534,604,65,2
2020-08-23,District of Columbia,13590,604,56,0
2020-08-24,District of Columbia,13639,604,49,0
2020-08-25,District of Columbia,13684,604,45,0
2020-08-26,District of Columbia,13722,605,38,1
2020-08-27,District of Columbia,13794,605,72,0
2020-08-28,District of Columbia,13851,605,57,0
2020-08-29,District of Columbia,13925,605,74,0
2020-08-30,District of Columbia,13959,606,34,1
2020-08-31,District of Columbia,13992,607,33,1
2020-09-01,District of Columbia,14049,607,57,0
2020-09-02,District of Columbia,14077,608,28,1
2020-09-03,District of Columbia,14135,609,58,1
2020-09-04,District of Columbia,14186,611,51,2
2020-09-05,District of Columbia,14238,611,52,0
2020-09-06,District of Columbia,14279,611,41,0
2020-09-07,District of Columbia,14315,611,36,0
2020-09-08,District of Columbia,14362,611,47,0
2020-09-09,District of Columbia,14387,615,25,4
2020-09-10,District of Columbia,14412,616,25,1
2020-09-11,District of Columbia,14493,616,81,0
2020-09-12,District of Columbia,14552,616,59,0
2020-09-13,District of Columbia,14592,616,40,0
2020-09-14,District of Columbia,14622,616,30,0
2020-09-15,District of Columbia,14687,616,65,0
2020-09-16,District of Columbia,14743,617,56,1
2020-09-17,District of Columbia,14790,619,47,2
2020-09-18,District of Columbia,14852,619,62,0
2020-09-19,District of Columbia,14902,619,50,0
2020-09-20,District of Columbia,14955,620,53,1
2020-09-21,District of Columbia,14978,621,23,1
2020-09-22,District of Columbia,15021,621,43,0
2020-09-23,District of Columbia,15050,621,29,0
2020-09-24,District of Columbia,15106,621,56,0
2020-09-25,District of Columbia,15163,623,57,2
2020-09-26,District of Columbia,15215,624,52,1
2020-09-27,District of Columbia,15250,624,35,0
2020-09-28,District of Columbia,15264,624,14,0
2020-09-29,District of Columbia,15300,626,36,2
2020-09-30,District of Columbia,15326,627,26,1
2020-10-01,District of Columbia,15358,628,32,1
2020-10-02,District of Columbia,15423,629,65,1
2020-10-03,District of Columbia,15473,629,50,0
2020-10-04,District of Columbia,15519,631,46,2
2020-10-05,District of Columbia,15547,631,28,0
2020-10-06,District of Columbia,15652,631,105,0
2020-10-07,District of Columbia,15697,632,45,1
2020-10-08,District of Columbia,15765,634,68,2
2020-10-09,District of Columbia,15843,634,78,0
2020-10-10,District of Columbia,15918,636,75,2
2020-10-11,District of Columbia,15984,637,66,1
2020-10-12,District of Columbia,16022,637,38,0
2020-10-13,District of Columbia,16068,637,46,0
2020-10-14,District of Columbia,16132,638,64,1
2020-10-15,District of Columbia,16166,638,34,0
2020-10-16,District of Columbia,16255,641,89,3
2020-10-17,District of Columbia,16334,641,79,0
2020-10-18,District of Columbia,16370,641,36,0
2020-10-19,District of Columbia,16395,641,25,0
2020-10-20,District of Columbia,16445,642,50,1
2020-10-21,District of Columbia,16498,642,53,0
2020-10-22,District of Columbia,16537,642,39,0
2020-10-23,District of Columbia,16609,642,72,0
2020-10-24,District of Columbia,16706,642,97,0
2020-10-25,District of Columbia,16767,642,61,0
2020-10-26,District of Columbia,16812,642,45,0
2020-10-27,District of Columbia,16906,644,94,2
2020-10-28,District of Columbia,16973,644,67,0
2020-10-29,District of Columbia,17074,645,101,1
2020-10-30,District of Columbia,17144,646,70,1
2020-10-31,District of Columbia,17266,646,122,0
2020-11-01,District of Columbia,17369,646,103,0
2020-11-02,District of Columbia,17438,647,69,1
2020-11-03,District of Columbia,17524,647,86,0
2020-11-04,District of Columbia,17601,647,77,0
2020-11-05,District of Columbia,17682,650,81,3
2020-11-06,District of Columbia,17792,652,110,2
2020-11-07,District of Columbia,17891,654,99,2
2020-11-08,District of Columbia,18001,654,110,0
2020-11-09,District of Columbia,18087,655,86,1
2020-11-10,District of Columbia,18173,657,86,2
2020-11-11,District of Columbia,18379,657,206,0
2020-11-12,District of Columbia,18507,657,128,0
2020-11-13,District of Columbia,18666,657,159,0
2020-11-14,District of Columbia,18814,658,148,1
2020-11-15,District of Columbia,18977,660,163,2
2020-11-16,District of Columbia,19064,660,87,0
2020-11-17,District of Columbia,19309,660,245,0
2020-11-18,District of Columbia,19465,665,156,5
2020-11-19,District of Columbia,19678,667,213,2
2020-11-20,District of Columbia,19808,669,130,2
2020-11-21,District of Columbia,19961,670,153,1
2020-11-22,District of Columbia,20151,670,190,0
2020-11-23,District of Columbia,20290,672,139,2
2020-11-24,District of Columbia,20409,673,119,1
2020-11-25,District of Columbia,20516,677,107,4
2020-11-26,District of Columbia,20736,677,220,0
2020-11-27,District of Columbia,20937,677,201,0
2020-11-28,District of Columbia,21308,678,371,1
2020-11-29,District of Columbia,21448,680,140,2
2020-11-30,District of Columbia,21552,680,104,0
2020-12-01,District of Columbia,21685,685,133,5
2020-12-02,District of Columbia,21842,690,157,5
2020-12-03,District of Columbia,22164,692,322,2
2020-12-04,District of Columbia,22480,693,316,1
2020-12-05,District of Columbia,22872,695,392,2
2020-12-06,District of Columbia,23136,697,264,2
2020-12-07,District of Columbia,23319,701,183,4
2020-12-08,District of Columbia,23589,701,270,0
2020-12-09,District of Columbia,23854,704,265,3
2020-12-10,District of Columbia,24098,708,244,4
2020-12-11,District of Columbia,24357,709,259,1
2020-12-12,District of Columbia,24643,713,286,4
2020-12-13,District of Columbia,24874,715,231,2
2020-12-14,District of Columbia,25038,716,164,1
2020-12-15,District of Columbia,25339,720,301,4
2020-12-16,District of Columbia,25602,720,263,0
2020-12-17,District of Columbia,25830,725,228,5
2020-12-18,District of Columbia,26104,728,274,3
2020-12-19,District of Columbia,26342,730,238,2
2020-12-20,District of Columbia,26601,737,259,7
2020-12-21,District of Columbia,26740,742,139,5
2020-12-22,District of Columbia,26900,744,160,2
2020-12-23,District of Columbia,27226,751,326,7
2020-12-24,District of Columbia,27436,756,210,5
2020-12-25,District of Columbia,27436,756,0,0
2020-12-26,District of Columbia,27710,762,274,6
2020-12-27,District of Columbia,28202,768,492,6
2020-12-28,District of Columbia,28342,771,140,3
2020-12-29,District of Columbia,28535,775,193,4
2020-12-30,District of Columbia,28758,780,223,5
2020-12-31,District of Columbia,28983,786,225,6
2021-01-01,District of Columbia,29252,788,269,2
2021-01-02,District of Columbia,29509,792,257,4
2021-01-03,District of Columbia,29764,794,255,2
2021-01-04,District of Columbia,29904,797,140,3
2021-01-05,District of Columbia,30166,801,262,4
2021-01-06,District of Columbia,30482,806,316,5
2021-01-07,District of Columbia,30750,808,268,2
2021-01-08,District of Columbia,31107,809,357,1
2021-01-09,District of Columbia,31457,813,350,4
2021-01-10,District of Columbia,31791,817,334,4
2021-01-11,District of Columbia,31993,821,202,4
2021-01-12,District of Columbia,32423,825,430,4
2021-01-13,District of Columbia,32600,831,177,6
2021-01-14,District of Columbia,32820,842,220,11
2021-01-15,District of Columbia,33140,842,320,0
2021-01-16,District of Columbia,33537,847,397,5
2021-01-17,District of Columbia,33851,850,314,3
2021-01-18,District of Columbia,34033,857,182,7
2021-01-19,District of Columbia,34259,861,226,4
2021-01-20,District of Columbia,34403,863,144,2
2021-01-21,District of Columbia,34612,864,209,1
2021-01-22,District of Columbia,34905,867,293,3
2021-01-23,District of Columbia,35077,870,172,3
2021-01-24,District of Columbia,35301,872,224,2
2021-01-25,District of Columbia,35505,879,204,7
2021-01-26,District of Columbia,35700,888,195,9
2021-01-27,District of Columbia,35865,895,165,7
2021-01-28,District of Columbia,36132,902,267,7
2021-01-29,District of Columbia,36414,907,282,5
2021-01-30,District of Columbia,36662,909,248,2
2021-01-31,District of Columbia,36872,913,210,4
2021-02-01,District of Columbia,37008,916,136,3
2021-02-02,District of Columbia,37138,921,130,5
2021-02-03,District of Columbia,37199,926,61,5
2021-02-04,District of Columbia,37365,932,166,6
2021-02-05,District of Columbia,37634,940,269,8
2021-02-06,District of Columbia,37877,947,243,7
2021-02-07,District of Columbia,38035,952,158,5
2021-02-08,District of Columbia,38136,956,101,4
2021-02-09,District of Columbia,38281,961,145,5
2021-02-10,District of Columbia,38348,965,67,4
2021-02-11,District of Columbia,38533,973,185,8
2021-02-12,District of Columbia,38670,976,137,3
2021-02-13,District of Columbia,38796,979,126,3
2021-02-14,District of Columbia,38918,979,122,0
2021-02-15,District of Columbia,39001,980,83,1
2021-02-16,District of Columbia,39131,982,130,2
2021-02-17,District of Columbia,39180,985,49,3
2021-02-18,District of Columbia,39301,992,121,7
2021-02-19,District of Columbia,39461,993,160,1
2021-02-20,District of Columbia,39553,994,92,1
2021-02-21,District of Columbia,39648,995,95,1
2021-02-22,District of Columbia,39755,995,107,0
2021-02-23,District of Columbia,39844,998,89,3
2021-02-24,District of Columbia,39943,1001,99,3
2021-02-25,District of Columbia,40122,1005,179,4
2021-02-26,District of Columbia,40284,1009,162,4
2021-02-27,District of Columbia,40478,1010,194,1
2021-02-28,District of Columbia,40598,1017,120,7
2021-03-01,District of Columbia,40684,1019,86,2
2021-03-02,District of Columbia,40767,1019,83,0
2021-03-03,District of Columbia,40818,1023,51,4
2021-03-04,District of Columbia,41014,1024,196,1
2021-03-05,District of Columbia,41122,1027,108,3
2021-03-06,District of Columbia,41273,1030,151,3
2021-03-07,District of Columbia,41419,1030,146,0
2021-03-08,District of Columbia,41579,1035,160,5
2021-03-09,District of Columbia,41910,1036,331,1
2021-03-10,District of Columbia,42006,1037,96,1
2021-03-11,District of Columbia,42128,1038,122,1
2021-03-12,District of Columbia,42282,1038,154,0
2021-03-13,District of Columbia,42432,1040,150,2
2021-03-14,District of Columbia,42511,1041,79,1
2021-03-15,District of Columbia,42623,1042,112,1
2021-03-16,District of Columbia,42730,1042,107,0
2021-03-17,District of Columbia,42811,1044,81,2
2021-03-18,District of Columbia,42892,1046,81,2
2021-03-19,District of Columbia,43034,1047,142,1
2021-03-20,District of Columbia,43175,1049,141,2
2021-03-21,District of Columbia,43229,1050,54,1
2021-03-22,District of Columbia,43383,1050,154,0
2021-03-23,District of Columbia,43488,1051,105,1
2021-03-24,District of Columbia,43595,1053,107,2
2021-03-25,District of Columbia,43669,1053,74,0
2021-03-26,District of Columbia,43825,1055,156,2
2021-03-27,District of Columbia,44051,1056,226,1
2021-03-28,District of Columbia,44175,1056,124,0
2021-03-29,District of Columbia,44248,1059,73,3
2021-03-30,District of Columbia,44413,1061,165,2
2021-03-31,District of Columbia,44513,1064,100,3
2021-04-01,District of Columbia,44656,1066,143,2
2021-04-02,District of Columbia,44807,1069,151,3
2021-04-03,District of Columbia,44932,1070,125,1
2021-04-04,District of Columbia,45037,1070,105,0
2021-04-05,District of Columbia,45112,1072,75,2
2021-04-06,District of Columbia,45234,1074,122,2
2021-04-07,District of Columbia,45328,1076,94,2
2021-04-08,District of Columbia,45498,1077,170,1
2021-04-09,District of Columbia,45634,1079,136,2
2021-04-10,District of Columbia,45762,1081,128,2
2021-04-11,District of Columbia,45830,1081,68,0
2021-04-12,District of Columbia,45903,1084,73,3
2021-04-13,District of Columbia,46016,1085,113,1
2021-04-14,District of Columbia,46209,1088,193,3
2021-04-15,District of Columbia,46315,1090,106,2
2021-04-16,District of Columbia,46449,1093,134,3
2021-04-17,District of Columbia,46579,1095,130,2
2021-04-18,District of Columbia,46662,1096,83,1
2021-04-19,District of Columbia,46740,1096,78,0
2021-04-20,District of Columbia,46869,1097,129,1
2021-04-21,District of Columbia,46941,1097,72,0
2021-04-22,District of Columbia,47040,1098,99,1
2021-04-23,District of Columbia,47141,1099,101,1
2021-04-24,District of Columbia,47219,1099,78,0
2021-04-25,District of Columbia,47323,1099,104,0
2021-04-26,District of Columbia,47378,1099,55,0
2021-04-27,District of Columbia,47471,1100,93,1
2021-04-28,District of Columbia,47533,1104,62,4
2021-04-29,District of Columbia,47614,1105,81,1
2021-04-30,District of Columbia,47697,1105,83,0
2021-05-01,District of Columbia,47800,1106,103,1
2021-05-02,District of Columbia,47855,1106,55,0
2021-05-03,District of Columbia,47903,1106,48,0
2021-05-04,District of Columbia,47986,1106,83,0
2021-05-05,District of Columbia,48041,1109,55,3
2021-05-06,District of Columbia,48080,1110,39,1
2021-05-07,District of Columbia,48136,1110,56,0
2021-05-08,District of Columbia,48164,1110,28,0
2021-05-09,District of Columbia,48180,1110,16,0
2021-05-10,District of Columbia,48195,1110,15,0
2021-05-11,District of Columbia,48282,1113,87,3
2021-05-12,District of Columbia,48336,1115,54,2
2021-05-13,District of Columbia,48404,1115,68,0
2021-05-14,District of Columbia,48424,1116,20,1
2021-05-15,District of Columbia,48530,1118,106,2
2021-05-16,District of Columbia,48545,1120,15,2
2021-05-17,District of Columbia,48590,1122,45,2
2021-05-18,District of Columbia,48616,1122,26,0
2021-05-19,District of Columbia,48634,1124,18,2
2021-05-20,District of Columbia,48662,1125,28,1
2021-05-21,District of Columbia,48689,1125,27,0
2021-05-22,District of Columbia,48727,1125,38,0
2021-05-23,District of Columbia,48748,1127,21,2
2021-05-24,District of Columbia,48762,1130,14,3
2021-05-25,District of Columbia,48803,1130,41,0
2021-05-26,District of Columbia,48822,1131,19,1
2021-05-27,District of Columbia,48844,1132,22,1
2021-05-28,District of Columbia,48898,1132,54,0
2021-05-29,District of Columbia,48898,1132,0,0
2021-05-30,District of Columbia,48898,1132,0,0
2021-05-31,District of Columbia,48898,1132,0,0
2021-06-01,District of Columbia,49000,1134,102,2
2021-06-02,District of Columbia,49011,1135,11,1
2021-06-03,District of Columbia,49041,1136,30,1
2021-06-04,District of Columbia,49068,1136,27,0
2021-06-05,District of Columbia,49068,1136,0,0
2021-06-06,District of Columbia,49068,1136,0,0
2021-06-07,District of Columbia,49110,1136,42,0
