date,state,total cases,total deaths,new cases,new deaths
2020-03-02,Georgia,2,0,2,0
2020-03-03,Georgia,2,0,0,0
2020-03-04,Georgia,2,0,0,0
2020-03-05,Georgia,2,0,0,0
2020-03-06,Georgia,3,0,1,0
2020-03-07,Georgia,7,0,4,0
2020-03-08,Georgia,11,0,4,0
2020-03-09,Georgia,17,0,6,0
2020-03-10,Georgia,22,0,5,0
2020-03-11,Georgia,31,0,9,0
2020-03-12,Georgia,31,1,0,1
2020-03-13,Georgia,41,1,10,0
2020-03-14,Georgia,65,1,24,0
2020-03-15,Georgia,97,1,32,0
2020-03-16,Georgia,118,1,21,0
2020-03-17,Georgia,142,1,24,0
2020-03-18,Georgia,193,3,51,2
2020-03-19,Georgia,282,10,89,7
2020-03-20,Georgia,482,14,200,4
2020-03-21,Georgia,552,20,70,6
2020-03-22,Georgia,620,25,68,5
2020-03-23,Georgia,800,25,180,0
2020-03-24,Georgia,1095,38,295,13
2020-03-25,Georgia,1385,47,290,9
2020-03-26,Georgia,1641,56,256,9
2020-03-27,Georgia,2198,64,557,8
2020-03-28,Georgia,2447,79,249,15
2020-03-29,Georgia,2683,83,236,4
2020-03-30,Georgia,3032,103,349,20
2020-03-31,Georgia,4116,126,1084,23
2020-04-01,Georgia,4747,154,631,28
2020-04-02,Georgia,5444,176,697,22
2020-04-03,Georgia,5967,198,523,22
2020-04-04,Georgia,6383,208,416,10
2020-04-05,Georgia,6742,219,359,11
2020-04-06,Georgia,7558,294,816,75
2020-04-07,Georgia,9156,348,1598,54
2020-04-08,Georgia,10204,370,1048,22
2020-04-09,Georgia,10885,412,681,42
2020-04-10,Georgia,11859,425,974,13
2020-04-11,Georgia,12261,432,402,7
2020-04-12,Georgia,12103,438,0,6
2020-04-13,Georgia,13125,479,1022,41
2020-04-14,Georgia,13913,517,788,38
2020-04-15,Georgia,14583,569,670,52
2020-04-16,Georgia,15644,611,1061,42
2020-04-17,Georgia,16658,661,1014,50
2020-04-18,Georgia,17014,670,356,9
2020-04-19,Georgia,17619,682,605,12
2020-04-20,Georgia,18447,767,828,85
2020-04-21,Georgia,19189,810,742,43
2020-04-22,Georgia,20099,837,910,27
2020-04-23,Georgia,20905,871,806,34
2020-04-24,Georgia,21575,889,670,18
2020-04-25,Georgia,22225,897,650,8
2020-04-26,Georgia,22459,907,234,10
2020-04-27,Georgia,23229,981,770,74
2020-04-28,Georgia,23607,1022,378,41
2020-04-29,Georgia,24300,1086,693,64
2020-04-30,Georgia,25431,1121,1131,35
2020-05-01,Georgia,26436,1153,1005,32
2020-05-02,Georgia,27268,1161,832,8
2020-05-03,Georgia,27618,1168,350,7
2020-05-04,Georgia,28350,1228,732,60
2020-05-05,Georgia,28876,1277,526,49
2020-05-06,Georgia,29724,1309,848,32
2020-05-07,Georgia,30524,1332,800,23
2020-05-08,Georgia,31089,1378,565,46
2020-05-09,Georgia,31481,1380,392,2
2020-05-10,Georgia,32267,1383,786,3
2020-05-11,Georgia,32448,1420,181,37
2020-05-12,Georgia,33311,1470,863,50
2020-05-13,Georgia,33866,1494,555,24
2020-05-14,Georgia,34422,1521,556,27
2020-05-15,Georgia,35242,1563,820,42
2020-05-16,Georgia,35655,1573,413,10
2020-05-17,Georgia,35954,1584,299,11
2020-05-18,Georgia,36634,1624,680,40
2020-05-19,Georgia,37214,1650,580,26
2020-05-20,Georgia,38162,1672,948,22
2020-05-21,Georgia,38969,1749,807,77
2020-05-22,Georgia,39734,1779,765,30
2020-05-23,Georgia,40408,1794,674,15
2020-05-24,Georgia,40989,1799,581,5
2020-05-25,Georgia,41414,1820,425,21
2020-05-26,Georgia,42066,1867,652,47
2020-05-27,Georgia,42713,1904,647,37
2020-05-28,Georgia,43363,1942,650,38
2020-05-29,Georgia,43888,1953,525,11
2020-05-30,Georgia,44336,1973,448,20
2020-05-31,Georgia,45051,2019,715,46
2020-06-01,Georgia,45757,2057,706,38
2020-06-02,Georgia,46063,2070,306,13
2020-06-03,Georgia,46711,2092,648,22
2020-06-04,Georgia,47528,2116,817,24
2020-06-05,Georgia,48280,2143,752,27
2020-06-06,Georgia,48943,2147,663,4
2020-06-07,Georgia,49371,2148,428,1
2020-06-08,Georgia,49995,2176,624,28
2020-06-09,Georgia,50769,2250,774,74
2020-06-10,Georgia,51465,2292,696,42
2020-06-11,Georgia,52332,2337,867,45
2020-06-12,Georgia,53201,2384,869,47
2020-06-13,Georgia,54178,2411,977,27
2020-06-14,Georgia,54874,2416,696,5
2020-06-15,Georgia,55505,2457,631,41
2020-06-16,Georgia,56302,2492,797,35
2020-06-17,Georgia,57217,2536,915,44
2020-06-18,Georgia,58040,2565,823,29
2020-06-19,Georgia,59117,2596,1077,31
2020-06-20,Georgia,60669,2602,1552,6
2020-06-21,Georgia,61493,2603,824,1
2020-06-22,Georgia,62705,2607,1212,4
2020-06-23,Georgia,64577,2646,1872,39
2020-06-24,Georgia,66290,2658,1713,12
2020-06-25,Georgia,67796,2704,1506,46
2020-06-26,Georgia,69542,2727,1746,23
2020-06-27,Georgia,71066,2733,1524,6
2020-06-28,Georgia,72800,2735,1734,2
2020-06-29,Georgia,74816,2739,2016,4
2020-06-30,Georgia,77280,2758,2464,19
2020-07-01,Georgia,79589,2779,2309,21
2020-07-02,Georgia,82475,2801,2886,22
2020-07-03,Georgia,85079,2808,2604,7
2020-07-04,Georgia,87592,2809,2513,1
2020-07-05,Georgia,89489,2812,1897,3
2020-07-06,Georgia,91015,2829,1526,17
2020-07-07,Georgia,93707,2850,2692,21
2020-07-08,Georgia,96538,2871,2831,21
2020-07-09,Georgia,98693,2880,2155,9
2020-07-10,Georgia,103597,2915,4904,35
2020-07-11,Georgia,106574,2946,2977,31
2020-07-12,Georgia,108389,2951,1815,5
2020-07-13,Georgia,111937,2972,3548,21
2020-07-14,Georgia,114579,2996,2642,24
2020-07-15,Georgia,118147,3030,3568,34
2020-07-16,Georgia,120848,3043,2701,13
2020-07-17,Georgia,124267,3071,3419,28
2020-07-18,Georgia,128341,3105,4074,34
2020-07-19,Georgia,130794,3110,2453,5
2020-07-20,Georgia,132788,3113,1994,3
2020-07-21,Georgia,135865,3186,3077,73
2020-07-22,Georgia,139120,3264,3255,78
2020-07-23,Georgia,143857,3288,4737,24
2020-07-24,Georgia,147732,3368,3875,80
2020-07-25,Georgia,151262,3421,3530,53
2020-07-26,Georgia,153476,3424,2214,3
2020-07-27,Georgia,155907,3435,2431,11
2020-07-28,Georgia,160038,3488,4131,53
2020-07-29,Georgia,163547,3566,3509,78
2020-07-30,Georgia,167545,3596,3998,30
2020-07-31,Georgia,171342,3674,3797,78
2020-08-01,Georgia,174834,3744,3492,70
2020-08-02,Georgia,177556,3758,2722,14
2020-08-03,Georgia,179510,3760,1954,2
2020-08-04,Georgia,182462,3835,2952,75
2020-08-05,Georgia,186395,3899,3933,64
2020-08-06,Georgia,189300,3942,2905,43
2020-08-07,Georgia,193276,4029,3976,87
2020-08-08,Georgia,197308,4095,4032,66
2020-08-09,Georgia,200147,4108,2839,13
2020-08-10,Georgia,202276,4138,2129,30
2020-08-11,Georgia,205920,4255,3644,117
2020-08-12,Georgia,209683,4360,3763,105
2020-08-13,Georgia,212009,4440,2326,80
2020-08-14,Georgia,215328,4474,3319,34
2020-08-15,Georgia,218344,4568,3016,94
2020-08-16,Georgia,220165,4600,1821,32
2020-08-17,Georgia,221841,4624,1676,24
2020-08-18,Georgia,224681,4691,2840,67
2020-08-19,Georgia,227255,4744,2574,53
2020-08-20,Georgia,230288,4797,3033,53
2020-08-21,Georgia,233169,4889,2881,92
2020-08-22,Georgia,235783,4982,2614,93
2020-08-23,Georgia,237402,5021,1619,39
2020-08-24,Georgia,239612,5045,2210,24
2020-08-25,Georgia,241865,5147,2253,102
2020-08-26,Georgia,244494,5195,2629,48
2020-08-27,Georgia,247017,5275,2523,80
2020-08-28,Georgia,249317,5352,2300,77
2020-08-29,Georgia,251676,5451,2359,99
2020-08-30,Georgia,252813,5478,1137,27
2020-08-31,Georgia,254238,5506,1425,28
2020-09-01,Georgia,256544,5604,2306,98
2020-09-02,Georgia,258482,5665,1938,61
2020-09-03,Georgia,261056,5735,2574,70
2020-09-04,Georgia,263047,5797,1991,62
2020-09-05,Georgia,265215,5842,2168,45
2020-09-06,Georgia,266707,5900,1492,58
2020-09-07,Georgia,267238,5907,531,7
2020-09-08,Georgia,268684,5931,1446,24
2020-09-09,Georgia,270624,5987,1940,56
2020-09-10,Georgia,272588,6062,1964,75
2020-09-11,Georgia,274242,6103,1654,41
2020-09-12,Georgia,276319,6144,2077,41
2020-09-13,Georgia,277715,6191,1396,47
2020-09-14,Georgia,278699,6211,984,20
2020-09-15,Georgia,280356,6255,1657,44
2020-09-16,Georgia,282363,6276,2007,21
2020-09-17,Georgia,284219,6328,1856,52
2020-09-18,Georgia,286170,6390,1951,62
2020-09-19,Georgia,288059,6450,1889,60
2020-09-20,Georgia,289096,6453,1037,3
2020-09-21,Georgia,289975,6455,879,2
2020-09-22,Georgia,290930,6524,955,69
2020-09-23,Georgia,292797,6620,1867,96
2020-09-24,Georgia,294334,6667,1537,47
2020-09-25,Georgia,296089,6717,1755,50
2020-09-26,Georgia,297553,6758,1464,41
2020-09-27,Georgia,298321,6789,768,31
2020-09-28,Georgia,298963,6803,642,14
2020-09-29,Georgia,300019,6836,1056,33
2020-09-30,Georgia,301485,6861,1466,25
2020-10-01,Georgia,303010,6903,1525,42
2020-10-02,Georgia,304406,6945,1396,42
2020-10-03,Georgia,305941,6972,1535,27
2020-10-04,Georgia,306778,6999,837,27
2020-10-05,Georgia,328127,7028,21349,29
2020-10-06,Georgia,329101,7062,974,34
2020-10-07,Georgia,330769,7089,1668,27
2020-10-08,Georgia,332142,7125,1373,36
2020-10-09,Georgia,333934,7178,1792,53
2020-10-10,Georgia,335351,7223,1417,45
2020-10-11,Georgia,336586,7246,1235,23
2020-10-12,Georgia,339577,7259,2991,13
2020-10-13,Georgia,340758,7282,1181,23
2020-10-14,Georgia,342302,7298,1544,16
2020-10-15,Georgia,344093,7320,1791,22
2020-10-16,Georgia,345879,7382,1786,62
2020-10-17,Georgia,347468,7429,1589,47
2020-10-18,Georgia,348773,7460,1305,31
2020-10-19,Georgia,350654,7479,1881,19
2020-10-20,Georgia,351990,7494,1336,15
2020-10-21,Georgia,353449,7523,1459,29
2020-10-22,Georgia,355156,7547,1707,24
2020-10-23,Georgia,357319,7584,2163,37
2020-10-24,Georgia,359001,7625,1682,41
2020-10-25,Georgia,360344,7626,1343,1
2020-10-26,Georgia,364275,7644,3931,18
2020-10-27,Georgia,365498,7661,1223,17
2020-10-28,Georgia,367126,7692,1628,31
2020-10-29,Georgia,368840,7737,1714,45
2020-10-30,Georgia,370157,7768,1317,31
2020-10-31,Georgia,372631,7790,2474,22
2020-11-01,Georgia,373700,7792,1069,2
2020-11-02,Georgia,377261,7810,3561,18
2020-11-03,Georgia,378894,7837,1633,27
2020-11-04,Georgia,382113,8303,3219,466
2020-11-05,Georgia,384531,8359,2418,56
2020-11-06,Georgia,387202,8389,2671,30
2020-11-07,Georgia,389257,8427,2055,38
2020-11-08,Georgia,390617,8428,1360,1
2020-11-09,Georgia,392246,8457,1629,29
2020-11-10,Georgia,396498,8507,4252,50
2020-11-11,Georgia,398769,8582,2271,75
2020-11-12,Georgia,401750,8655,2981,73
2020-11-13,Georgia,404577,8678,2827,23
2020-11-14,Georgia,407596,8729,3019,51
2020-11-15,Georgia,409504,8730,1908,1
2020-11-16,Georgia,410581,8740,1077,10
2020-11-17,Georgia,414821,8778,4240,38
2020-11-18,Georgia,417934,8833,3113,55
2020-11-19,Georgia,421381,8867,3447,34
2020-11-20,Georgia,424759,8904,3378,37
2020-11-21,Georgia,430687,8940,5928,36
2020-11-22,Georgia,432954,8955,2267,15
2020-11-23,Georgia,434916,8972,1962,17
2020-11-24,Georgia,438441,8979,3525,7
2020-11-25,Georgia,441737,9054,3296,75
2020-11-26,Georgia,445204,9089,3467,35
2020-11-27,Georgia,447942,9130,2738,41
2020-11-28,Georgia,450627,9173,2685,43
2020-11-29,Georgia,452322,9189,1695,16
2020-11-30,Georgia,454328,9198,2006,9
2020-12-01,Georgia,458985,9253,4657,55
2020-12-02,Georgia,464417,9301,5432,48
2020-12-03,Georgia,469955,9377,5538,76
2020-12-04,Georgia,476181,9443,6226,66
2020-12-05,Georgia,481126,9506,4945,63
2020-12-06,Georgia,483106,9516,1980,10
2020-12-07,Georgia,488225,9559,5119,43
2020-12-08,Georgia,493558,9582,5333,23
2020-12-09,Georgia,499299,9630,5741,48
2020-12-10,Georgia,506802,9683,7503,53
2020-12-11,Georgia,512715,9738,5913,55
2020-12-12,Georgia,518973,9779,6258,41
2020-12-13,Georgia,523580,9781,4607,2
2020-12-14,Georgia,527157,9803,3577,22
2020-12-15,Georgia,534488,9856,7331,53
2020-12-16,Georgia,541086,9913,6598,57
2020-12-17,Georgia,548646,9974,7560,61
2020-12-18,Georgia,556615,10009,7969,35
2020-12-19,Georgia,562479,10054,5864,45
2020-12-20,Georgia,567654,10056,5175,2
2020-12-21,Georgia,571301,10072,3647,16
2020-12-22,Georgia,579957,10135,8656,63
2020-12-23,Georgia,587472,10193,7515,58
2020-12-24,Georgia,597753,10256,10281,63
2020-12-25,Georgia,603246,10303,5493,47
2020-12-26,Georgia,607133,10352,3887,49
2020-12-27,Georgia,610574,10356,3441,4
2020-12-28,Georgia,614716,10363,4142,7
2020-12-29,Georgia,623901,10439,9185,76
2020-12-30,Georgia,632861,10503,8960,64
2020-12-31,Georgia,644065,10588,11204,85
2021-01-01,Georgia,654950,10610,10885,22
2021-01-02,Georgia,662077,10612,7127,2
2021-01-03,Georgia,667705,10616,5628,4
2021-01-04,Georgia,672849,10623,5144,7
2021-01-05,Georgia,682749,10725,9900,102
2021-01-06,Georgia,690137,10814,7388,89
2021-01-07,Georgia,699806,10878,9669,64
2021-01-08,Georgia,712785,10958,12979,80
2021-01-09,Georgia,724317,11096,11532,138
2021-01-10,Georgia,732121,11097,7804,1
2021-01-11,Georgia,740078,11113,7957,16
2021-01-12,Georgia,749417,11297,9339,184
2021-01-13,Georgia,757993,11435,8576,138
2021-01-14,Georgia,766917,11599,8924,164
2021-01-15,Georgia,776485,11757,9568,158
2021-01-16,Georgia,785048,11900,8563,143
2021-01-17,Georgia,791322,11906,6274,6
2021-01-18,Georgia,796307,11967,4985,61
2021-01-19,Georgia,804508,12179,8201,212
2021-01-20,Georgia,812454,12373,7946,194
2021-01-21,Georgia,820513,12484,8059,111
2021-01-22,Georgia,829023,12653,8510,169
2021-01-23,Georgia,838057,12834,9034,181
2021-01-24,Georgia,842798,12838,4741,4
2021-01-25,Georgia,847036,12890,4238,52
2021-01-26,Georgia,855488,13065,8452,175
2021-01-27,Georgia,861830,13222,6342,157
2021-01-28,Georgia,869165,13404,7335,182
2021-01-29,Georgia,875514,13557,6349,153
2021-01-30,Georgia,881740,13776,6226,219
2021-01-31,Georgia,885249,13778,3509,2
2021-02-01,Georgia,888462,13821,3213,43
2021-02-02,Georgia,893441,14024,4979,203
2021-02-03,Georgia,898639,14153,5198,129
2021-02-04,Georgia,904450,14315,5811,162
2021-02-05,Georgia,909170,14413,4720,98
2021-02-06,Georgia,913596,14642,4426,229
2021-02-07,Georgia,917063,14642,3467,0
2021-02-08,Georgia,919778,14679,2715,37
2021-02-09,Georgia,923544,14849,3766,170
2021-02-10,Georgia,926947,14966,3403,117
2021-02-11,Georgia,931043,15050,4096,84
2021-02-12,Georgia,934874,15239,3831,189
2021-02-13,Georgia,938577,15377,3703,138
2021-02-14,Georgia,940451,15397,1874,20
2021-02-15,Georgia,942484,15451,2033,54
2021-02-16,Georgia,945339,15691,2855,240
2021-02-17,Georgia,948719,15779,3380,88
2021-02-18,Georgia,952133,15906,3414,127
2021-02-19,Georgia,955724,16110,3591,204
2021-02-20,Georgia,958998,16233,3274,123
2021-02-21,Georgia,960697,16235,1699,2
2021-02-22,Georgia,962215,16313,1518,78
2021-02-23,Georgia,966131,16401,3916,88
2021-02-24,Georgia,969603,16532,3472,131
2021-02-25,Georgia,972984,16663,3381,131
2021-02-26,Georgia,976400,16682,3416,19
2021-02-27,Georgia,979683,16756,3283,74
2021-02-28,Georgia,981844,16757,2161,1
2021-03-01,Georgia,983879,16834,2035,77
2021-03-02,Georgia,986968,16936,3089,102
2021-03-03,Georgia,989698,17079,2730,143
2021-03-04,Georgia,992399,17198,2701,119
2021-03-05,Georgia,994416,17260,2017,62
2021-03-06,Georgia,996616,17347,2200,87
2021-03-07,Georgia,998254,17348,1638,1
2021-03-08,Georgia,999460,17389,1206,41
2021-03-09,Georgia,1001341,17418,1881,29
2021-03-10,Georgia,1003181,17491,1840,73
2021-03-11,Georgia,1004918,17570,1737,79
2021-03-12,Georgia,1006519,17615,1601,45
2021-03-13,Georgia,1007740,17666,1221,51
2021-03-14,Georgia,1008542,17665,802,0
2021-03-15,Georgia,1009499,17710,957,45
2021-03-16,Georgia,1011361,17735,1862,25
2021-03-17,Georgia,1013340,17801,1979,66
2021-03-18,Georgia,1015565,17861,2225,60
2021-03-19,Georgia,1017114,17903,1549,42
2021-03-20,Georgia,1018824,17965,1710,62
2021-03-21,Georgia,1020384,17965,1560,0
2021-03-22,Georgia,1021299,17990,915,25
2021-03-23,Georgia,1023176,18021,1877,31
2021-03-24,Georgia,1024530,18091,1354,70
2021-03-25,Georgia,1026632,18181,2102,90
2021-03-26,Georgia,1028447,18275,1815,94
2021-03-27,Georgia,1029997,18349,1550,74
2021-03-28,Georgia,1030899,18349,902,0
2021-03-29,Georgia,1032045,18381,1146,32
2021-03-30,Georgia,1033379,18406,1334,25
2021-03-31,Georgia,1035186,18473,1807,67
2021-04-01,Georgia,1036700,18536,1514,63
2021-04-02,Georgia,1038351,18592,1651,56
2021-04-03,Georgia,1039632,18623,1281,31
2021-04-04,Georgia,1040572,18625,940,2
2021-04-05,Georgia,1041275,18625,703,0
