date,state,total cases,total deaths,new cases,new deaths
2020-03-15,Guam,3,0,3,0
2020-03-16,Guam,3,0,0,0
2020-03-17,Guam,3,0,0,0
2020-03-18,Guam,8,0,5,0
2020-03-19,Guam,12,0,4,0
2020-03-20,Guam,14,0,2,0
2020-03-21,Guam,15,0,1,0
2020-03-22,Guam,27,1,12,1
2020-03-23,Guam,29,1,2,0
2020-03-24,Guam,32,1,3,0
2020-03-25,Guam,32,1,0,0
2020-03-26,Guam,49,1,17,0
2020-03-27,Guam,53,1,4,0
2020-03-28,Guam,57,1,4,0
2020-03-29,Guam,58,1,1,0
2020-03-30,Guam,60,1,2,0
2020-03-31,Guam,139,2,79,1
2020-04-01,Guam,147,3,8,1
2020-04-02,Guam,152,3,5,0
2020-04-03,Guam,154,4,2,1
2020-04-04,Guam,223,4,69,0
2020-04-05,Guam,265,4,42,0
2020-04-06,Guam,266,4,1,0
2020-04-07,Guam,274,4,8,0
2020-04-08,Guam,409,4,135,0
2020-04-09,Guam,542,4,133,0
2020-04-10,Guam,577,4,35,0
2020-04-11,Guam,681,5,104,1
2020-04-12,Guam,716,5,35,0
2020-04-13,Guam,719,6,3,1
2020-04-14,Guam,721,6,2,0
2020-04-15,Guam,750,6,29,0
2020-04-16,Guam,790,6,40,0
2020-04-17,Guam,796,6,6,0
2020-04-18,Guam,805,6,9,0
2020-04-19,Guam,808,6,3,0
2020-04-20,Guam,811,6,3,0
2020-04-21,Guam,852,6,41,0
2020-04-22,Guam,911,6,59,0
2020-04-23,Guam,979,6,68,0
2020-04-24,Guam,997,6,18,0
2020-04-25,Guam,997,6,0,0
2020-04-26,Guam,997,6,0,0
2020-04-27,Guam,1113,6,116,0
2020-04-28,Guam,1114,6,1,0
2020-04-29,Guam,1114,6,0,0
2020-04-30,Guam,1115,6,1,0
2020-05-01,Guam,1115,6,0,0
2020-05-02,Guam,1117,6,2,0
2020-05-03,Guam,1118,6,1,0
2020-05-04,Guam,1118,6,0,0
2020-05-05,Guam,1118,6,0,0
2020-05-06,Guam,1118,6,0,0
2020-05-07,Guam,1118,6,0,0
2020-05-08,Guam,1120,6,2,0
2020-05-09,Guam,1120,6,0,0
2020-05-10,Guam,1120,6,0,0
2020-05-11,Guam,1120,6,0,0
2020-05-12,Guam,1121,6,1,0
2020-05-13,Guam,1121,6,0,0
2020-05-14,Guam,1121,6,0,0
2020-05-15,Guam,1123,6,2,0
2020-05-16,Guam,1123,6,0,0
2020-05-17,Guam,1123,6,0,0
2020-05-18,Guam,1123,6,0,0
2020-05-19,Guam,1123,6,0,0
2020-05-20,Guam,1134,6,11,0
2020-05-21,Guam,1134,6,0,0
2020-05-22,Guam,1134,6,0,0
2020-05-23,Guam,1134,6,0,0
2020-05-24,Guam,1135,6,1,0
2020-05-25,Guam,1135,6,0,0
2020-05-26,Guam,1139,6,4,0
2020-05-27,Guam,1140,6,1,0
2020-05-28,Guam,1141,6,1,0
2020-05-29,Guam,1141,6,0,0
2020-05-30,Guam,1141,6,0,0
2020-05-31,Guam,1144,6,3,0
2020-06-01,Guam,1144,6,0,0
2020-06-02,Guam,1146,6,2,0
2020-06-03,Guam,1146,6,0,0
2020-06-04,Guam,1148,6,2,0
2020-06-05,Guam,1148,6,0,0
2020-06-06,Guam,1148,6,0,0
2020-06-07,Guam,1148,6,0,0
2020-06-08,Guam,1149,6,1,0
2020-06-09,Guam,1149,6,0,0
2020-06-10,Guam,1149,6,0,0
2020-06-11,Guam,1152,6,3,0
2020-06-12,Guam,1153,6,1,0
2020-06-13,Guam,1154,6,1,0
2020-06-14,Guam,1154,6,0,0
2020-06-15,Guam,1155,6,1,0
2020-06-16,Guam,1155,6,0,0
2020-06-17,Guam,1157,6,2,0
2020-06-18,Guam,1162,6,5,0
2020-06-19,Guam,1169,6,7,0
2020-06-20,Guam,1191,6,22,0
2020-06-21,Guam,1191,6,0,0
2020-06-22,Guam,1191,6,0,0
2020-06-23,Guam,1194,6,3,0
2020-06-24,Guam,1200,6,6,0
2020-06-25,Guam,1214,6,14,0
2020-06-26,Guam,1217,6,3,0
2020-06-27,Guam,1217,6,0,0
2020-06-28,Guam,1217,6,0,0
2020-06-29,Guam,1224,6,7,0
2020-06-30,Guam,1228,6,4,0
2020-07-01,Guam,1240,6,12,0
2020-07-02,Guam,1249,6,9,0
2020-07-03,Guam,1255,6,6,0
2020-07-04,Guam,1257,6,2,0
2020-07-05,Guam,1257,6,0,0
2020-07-06,Guam,1270,6,13,0
2020-07-07,Guam,1272,6,2,0
2020-07-08,Guam,1276,6,4,0
2020-07-09,Guam,1278,6,2,0
2020-07-10,Guam,1279,6,1,0
2020-07-11,Guam,1281,6,2,0
2020-07-12,Guam,1281,6,0,0
2020-07-13,Guam,1281,6,0,0
2020-07-14,Guam,1281,6,0,0
2020-07-15,Guam,1282,6,1,0
2020-07-16,Guam,1283,6,1,0
2020-07-17,Guam,1283,6,0,0
2020-07-18,Guam,1284,6,1,0
2020-07-19,Guam,1284,6,0,0
2020-07-20,Guam,1288,6,4,0
2020-07-21,Guam,1296,6,8,0
2020-07-22,Guam,1299,6,3,0
2020-07-23,Guam,1301,6,2,0
2020-07-24,Guam,1306,6,5,0
2020-07-25,Guam,1306,6,0,0
2020-07-26,Guam,1306,6,0,0
2020-07-27,Guam,1315,6,9,0
2020-07-28,Guam,1318,6,3,0
2020-07-29,Guam,1320,6,2,0
2020-07-30,Guam,1323,6,3,0
2020-07-31,Guam,1325,6,2,0
2020-08-01,Guam,1328,6,3,0
2020-08-02,Guam,1328,6,0,0
2020-08-03,Guam,1337,6,9,0
2020-08-04,Guam,1344,6,7,0
2020-08-05,Guam,1358,6,14,0
2020-08-06,Guam,1366,6,8,0
2020-08-07,Guam,1380,6,14,0
2020-08-08,Guam,1381,6,1,0
2020-08-09,Guam,1381,6,0,0
2020-08-10,Guam,1387,6,6,0
2020-08-11,Guam,1403,6,16,0
2020-08-12,Guam,1418,6,15,0
2020-08-13,Guam,1446,6,28,0
2020-08-14,Guam,1471,6,25,0
2020-08-15,Guam,1471,6,0,0
2020-08-16,Guam,1471,6,0,0
2020-08-17,Guam,1527,6,56,0
2020-08-18,Guam,1546,6,19,0
2020-08-19,Guam,1568,6,22,0
2020-08-20,Guam,1673,7,105,1
2020-08-21,Guam,1736,7,63,0
2020-08-22,Guam,1736,7,0,0
2020-08-23,Guam,1736,7,0,0
2020-08-24,Guam,1876,8,140,1
2020-08-25,Guam,1953,8,77,0
2020-08-26,Guam,2089,10,136,2
2020-08-27,Guam,2201,10,112,0
2020-08-28,Guam,2256,11,55,1
2020-08-29,Guam,2256,11,0,0
2020-08-30,Guam,2256,11,0,0
2020-08-31,Guam,2364,11,108,0
2020-09-01,Guam,2416,14,52,3
2020-09-02,Guam,2463,14,47,0
2020-09-03,Guam,2529,14,66,0
2020-09-04,Guam,2588,15,59,1
2020-09-05,Guam,2640,16,52,1
2020-09-06,Guam,2588,17,0,1
2020-09-07,Guam,2588,19,0,2
2020-09-08,Guam,2682,20,94,1
2020-09-09,Guam,2727,21,45,1
2020-09-10,Guam,2815,22,88,1
2020-09-11,Guam,2832,24,17,2
2020-09-12,Guam,2832,24,0,0
2020-09-13,Guam,2832,24,0,0
2020-09-14,Guam,2896,27,64,3
2020-09-15,Guam,2935,29,39,2
2020-09-16,Guam,2982,29,47,0
2020-09-17,Guam,3014,31,32,2
2020-09-18,Guam,3043,34,29,3
2020-09-19,Guam,3043,35,0,1
2020-09-20,Guam,3043,35,0,0
2020-09-21,Guam,3116,36,73,1
2020-09-22,Guam,3159,38,43,2
2020-09-23,Guam,3204,38,45,0
2020-09-24,Guam,3232,39,28,1
2020-09-25,Guam,3255,40,23,1
2020-09-26,Guam,3255,40,0,0
2020-09-27,Guam,3255,40,0,0
2020-09-28,Guam,3255,40,0,0
2020-09-29,Guam,3412,48,157,8
2020-09-30,Guam,3457,50,45,2
2020-10-01,Guam,3519,50,62,0
2020-10-02,Guam,3586,51,67,1
2020-10-03,Guam,3668,52,82,1
2020-10-04,Guam,3586,53,0,1
2020-10-05,Guam,3722,56,136,3
2020-10-06,Guam,3787,56,65,0
2020-10-07,Guam,3837,58,50,2
2020-10-08,Guam,3903,59,66,1
2020-10-09,Guam,3958,59,55,0
2020-10-10,Guam,4025,60,67,1
2020-10-11,Guam,4047,61,22,1
2020-10-12,Guam,4139,61,92,0
2020-10-13,Guam,4235,62,96,1
2020-10-14,Guam,4310,62,75,0
2020-10-15,Guam,4396,62,86,0
2020-10-16,Guam,4507,64,111,2
2020-10-17,Guam,4507,64,0,0
2020-10-18,Guam,4507,64,0,0
2020-10-19,Guam,4725,67,218,3
2020-10-20,Guam,4855,67,130,0
2020-10-21,Guam,4937,69,82,2
2020-10-22,Guam,5025,70,88,1
2020-10-23,Guam,5110,70,85,0
2020-10-24,Guam,5144,72,34,2
2020-10-25,Guam,5185,72,41,0
2020-10-26,Guam,5305,76,120,4
2020-10-27,Guam,5387,76,82,0
2020-10-28,Guam,5435,77,48,1
2020-10-29,Guam,5518,79,83,2
2020-10-30,Guam,5597,80,79,1
2020-10-31,Guam,5650,80,53,0
2020-11-01,Guam,5659,80,9,0
2020-11-02,Guam,5662,80,3,0
2020-11-03,Guam,5781,81,119,1
2020-11-04,Guam,5872,84,91,3
2020-11-05,Guam,5973,84,101,0
2020-11-06,Guam,6046,89,73,5
2020-11-07,Guam,6046,89,0,0
2020-11-08,Guam,6046,89,0,0
2020-11-09,Guam,6442,91,396,2
2020-11-10,Guam,6623,92,181,1
2020-11-11,Guam,6724,92,101,0
2020-11-12,Guam,6819,92,95,0
2020-11-13,Guam,6893,93,74,1
2020-11-14,Guam,6893,93,0,0
2020-11-15,Guam,6893,93,0,0
2020-11-16,Guam,7144,99,251,6
2020-11-17,Guam,7203,101,59,2
2020-11-18,Guam,7315,101,112,0
2020-11-19,Guam,7385,102,70,1
2020-11-20,Guam,7421,104,36,2
2020-11-21,Guam,7421,104,0,0
2020-11-22,Guam,7518,107,97,3
2020-11-23,Guam,7571,107,53,0
2020-11-24,Guam,7624,108,53,1
2020-11-25,Guam,7674,110,50,2
2020-11-26,Guam,7717,112,43,2
2020-11-27,Guam,7737,113,20,1
2020-11-28,Guam,7751,113,14,0
2020-11-29,Guam,7787,113,36,0
2020-11-30,Guam,7821,113,34,0
2020-12-01,Guam,7858,113,37,0
2020-12-02,Guam,7889,113,31,0
2020-12-03,Guam,7911,113,22,0
2020-12-04,Guam,7928,114,17,1
2020-12-05,Guam,7946,114,18,0
2020-12-06,Guam,7973,114,27,0
2020-12-07,Guam,7988,114,15,0
2020-12-08,Guam,7995,114,7,0
2020-12-09,Guam,8008,114,13,0
2020-12-10,Guam,8021,116,13,2
2020-12-11,Guam,8048,116,27,0
2020-12-12,Guam,8059,118,11,2
2020-12-13,Guam,8075,119,16,1
2020-12-14,Guam,8106,120,31,1
2020-12-15,Guam,8118,120,12,0
2020-12-16,Guam,8137,120,19,0
2020-12-17,Guam,8152,120,15,0
2020-12-18,Guam,8162,120,10,0
2020-12-19,Guam,8167,120,5,0
2020-12-20,Guam,8171,120,4,0
2020-12-21,Guam,8180,121,9,1
2020-12-22,Guam,8180,121,0,0
2020-12-23,Guam,8180,121,0,0
2020-12-24,Guam,8235,122,55,1
2020-12-25,Guam,8237,122,2,0
2020-12-26,Guam,8238,122,1,0
2020-12-27,Guam,8239,122,1,0
2020-12-28,Guam,8250,122,11,0
2020-12-29,Guam,8262,122,12,0
2020-12-30,Guam,8277,122,15,0
2020-12-31,Guam,8286,123,9,1
2021-01-01,Guam,8295,123,9,0
2021-01-02,Guam,8295,124,0,1
2021-01-03,Guam,8296,124,1,0
2021-01-04,Guam,8313,124,17,0
2021-01-05,Guam,8326,124,13,0
2021-01-06,Guam,8347,124,21,0
2021-01-07,Guam,8355,124,8,0
2021-01-08,Guam,8368,125,13,1
2021-01-09,Guam,8373,125,5,0
2021-01-10,Guam,8381,125,8,0
2021-01-11,Guam,8392,125,11,0
2021-01-12,Guam,8398,125,6,0
2021-01-13,Guam,8413,125,15,0
2021-01-14,Guam,8426,125,13,0
2021-01-15,Guam,8443,126,17,1
2021-01-16,Guam,8450,127,7,1
2021-01-17,Guam,8453,128,3,1
2021-01-18,Guam,8454,129,1,1
2021-01-19,Guam,8484,129,30,0
2021-01-20,Guam,8484,129,0,0
2021-01-21,Guam,8497,129,13,0
2021-01-22,Guam,8516,129,19,0
2021-01-23,Guam,8516,129,0,0
2021-01-24,Guam,8516,129,0,0
2021-01-25,Guam,8523,130,7,1
2021-01-26,Guam,8535,130,12,0
2021-01-27,Guam,8537,130,2,0
2021-01-28,Guam,8541,130,4,0
2021-01-29,Guam,8548,130,7,0
2021-01-30,Guam,8555,130,7,0
2021-01-31,Guam,8556,130,1,0
2021-02-01,Guam,8577,130,21,0
2021-02-02,Guam,8579,130,2,0
2021-02-03,Guam,8587,130,8,0
2021-02-04,Guam,8591,130,4,0
2021-02-05,Guam,8605,130,14,0
2021-02-06,Guam,8612,130,7,0
2021-02-07,Guam,8618,130,6,0
2021-02-08,Guam,8633,131,15,1
2021-02-09,Guam,8642,131,9,0
2021-02-10,Guam,8652,131,10,0
2021-02-11,Guam,8655,131,3,0
2021-02-12,Guam,8658,131,3,0
2021-02-13,Guam,8661,131,3,0
2021-02-14,Guam,8664,131,3,0
2021-02-15,Guam,8668,131,4,0
2021-02-16,Guam,8670,131,2,0
2021-02-17,Guam,8672,131,2,0
2021-02-18,Guam,8674,131,2,0
2021-02-19,Guam,8684,131,10,0
2021-02-20,Guam,8685,131,1,0
2021-02-21,Guam,8689,131,4,0
2021-02-22,Guam,8696,131,7,0
2021-02-23,Guam,8696,131,0,0
2021-02-24,Guam,8698,131,2,0
2021-02-25,Guam,8699,131,1,0
2021-02-26,Guam,8703,131,4,0
2021-02-27,Guam,8704,131,1,0
2021-02-28,Guam,8705,132,1,1
2021-03-01,Guam,8706,132,1,0
2021-03-02,Guam,8711,132,5,0
2021-03-03,Guam,8714,132,3,0
2021-03-04,Guam,8716,132,2,0
2021-03-05,Guam,8716,132,0,0
2021-03-06,Guam,8718,134,2,2
2021-03-07,Guam,8718,134,0,0
2021-03-08,Guam,8720,134,2,0
2021-03-09,Guam,8721,134,1,0
2021-03-10,Guam,8725,134,4,0
2021-03-11,Guam,8727,134,2,0
2021-03-12,Guam,8736,134,9,0
2021-03-13,Guam,8737,134,1,0
2021-03-14,Guam,8737,134,0,0
2021-03-15,Guam,8742,135,5,1
2021-03-16,Guam,8742,135,0,0
2021-03-17,Guam,8745,135,3,0
2021-03-18,Guam,8749,135,4,0
2021-03-19,Guam,8749,135,0,0
2021-03-20,Guam,8749,135,0,0
2021-03-21,Guam,8749,135,0,0
2021-03-22,Guam,8753,135,4,0
2021-03-23,Guam,8755,135,2,0
2021-03-24,Guam,8758,135,3,0
2021-03-25,Guam,8763,135,5,0
2021-03-26,Guam,8765,135,2,0
2021-03-27,Guam,8766,135,1,0
2021-03-28,Guam,8769,135,3,0
2021-03-29,Guam,8773,135,4,0
2021-03-30,Guam,8774,135,1,0
2021-03-31,Guam,8776,135,2,0
2021-04-01,Guam,8779,135,3,0
2021-04-02,Guam,8781,137,2,2
2021-04-03,Guam,8785,137,4,0
2021-04-04,Guam,8785,137,0,0
2021-04-05,Guam,8792,137,7,0
2021-04-06,Guam,8794,137,2,0
2021-04-07,Guam,8797,137,3,0
2021-04-08,Guam,8799,137,2,0
2021-04-09,Guam,8802,137,3,0
2021-04-10,Guam,8804,137,2,0
2021-04-11,Guam,8806,137,2,0
2021-04-12,Guam,8811,137,5,0
2021-04-13,Guam,8816,137,5,0
2021-04-14,Guam,8820,137,4,0
2021-04-15,Guam,8825,137,5,0
2021-04-16,Guam,8828,137,3,0
2021-04-17,Guam,8834,137,6,0
2021-04-18,Guam,8838,137,4,0
2021-04-19,Guam,8848,137,10,0
2021-04-20,Guam,8853,137,5,0
2021-04-21,Guam,8866,137,13,0
2021-04-22,Guam,8878,137,12,0
2021-04-23,Guam,8880,137,2,0
2021-04-24,Guam,8880,137,0,0
2021-04-25,Guam,8884,137,4,0
2021-04-26,Guam,8892,137,8,0
2021-04-27,Guam,8908,137,16,0
2021-04-28,Guam,8920,137,12,0
2021-04-29,Guam,8928,137,8,0
2021-04-30,Guam,8933,137,5,0
2021-05-01,Guam,8944,137,11,0
2021-05-02,Guam,8944,137,0,0
2021-05-03,Guam,8950,137,6,0
2021-05-04,Guam,8973,138,23,1
2021-05-05,Guam,8985,139,12,1
2021-05-06,Guam,8989,140,4,1
2021-05-07,Guam,8992,140,3,0
2021-05-08,Guam,9003,140,11,0
2021-05-09,Guam,9005,140,2,0
2021-05-10,Guam,9012,140,7,0
2021-05-11,Guam,9013,140,1,0
2021-05-12,Guam,9030,140,17,0
2021-05-13,Guam,9032,140,2,0
2021-05-14,Guam,9048,140,16,0
2021-05-15,Guam,9059,140,11,0
