date,state,total cases,total deaths,new cases,new deaths
2020-01-24,Illinois,1,0,1,0
2020-01-25,Illinois,1,0,0,0
2020-01-26,Illinois,1,0,0,0
2020-01-27,Illinois,1,0,0,0
2020-01-28,Illinois,1,0,0,0
2020-01-29,Illinois,1,0,0,0
2020-01-30,Illinois,2,0,1,0
2020-01-31,Illinois,2,0,0,0
2020-02-01,Illinois,2,0,0,0
2020-02-02,Illinois,2,0,0,0
2020-02-03,Illinois,2,0,0,0
2020-02-04,Illinois,2,0,0,0
2020-02-05,Illinois,2,0,0,0
2020-02-06,Illinois,2,0,0,0
2020-02-07,Illinois,2,0,0,0
2020-02-08,Illinois,2,0,0,0
2020-02-09,Illinois,2,0,0,0
2020-02-10,Illinois,2,0,0,0
2020-02-11,Illinois,2,0,0,0
2020-02-12,Illinois,2,0,0,0
2020-02-13,Illinois,2,0,0,0
2020-02-14,Illinois,2,0,0,0
2020-02-15,Illinois,2,0,0,0
2020-02-16,Illinois,2,0,0,0
2020-02-17,Illinois,2,0,0,0
2020-02-18,Illinois,2,0,0,0
2020-02-19,Illinois,2,0,0,0
2020-02-20,Illinois,2,0,0,0
2020-02-21,Illinois,2,0,0,0
2020-02-22,Illinois,2,0,0,0
2020-02-23,Illinois,2,0,0,0
2020-02-24,Illinois,2,0,0,0
2020-02-25,Illinois,2,0,0,0
2020-02-26,Illinois,2,0,0,0
2020-02-27,Illinois,2,0,0,0
2020-02-28,Illinois,2,0,0,0
2020-02-29,Illinois,3,0,1,0
2020-03-01,Illinois,3,0,0,0
2020-03-02,Illinois,4,0,1,0
2020-03-03,Illinois,4,0,0,0
2020-03-04,Illinois,4,0,0,0
2020-03-05,Illinois,5,0,1,0
2020-03-06,Illinois,6,0,1,0
2020-03-07,Illinois,6,0,0,0
2020-03-08,Illinois,7,0,1,0
2020-03-09,Illinois,11,0,4,0
2020-03-10,Illinois,19,0,8,0
2020-03-11,Illinois,25,0,6,0
2020-03-12,Illinois,32,0,7,0
2020-03-13,Illinois,46,0,14,0
2020-03-14,Illinois,66,0,20,0
2020-03-15,Illinois,94,0,28,0
2020-03-16,Illinois,104,0,10,0
2020-03-17,Illinois,159,1,55,1
2020-03-18,Illinois,286,1,127,0
2020-03-19,Illinois,420,4,134,3
2020-03-20,Illinois,583,5,163,1
2020-03-21,Illinois,751,6,168,1
2020-03-22,Illinois,1047,9,296,3
2020-03-23,Illinois,1285,12,238,3
2020-03-24,Illinois,1535,16,250,4
2020-03-25,Illinois,1874,21,339,5
2020-03-26,Illinois,2538,26,664,5
2020-03-27,Illinois,3029,37,491,11
2020-03-28,Illinois,3547,50,518,13
2020-03-29,Illinois,4615,71,1068,21
2020-03-30,Illinois,5070,84,455,13
2020-03-31,Illinois,5992,107,922,23
2020-04-01,Illinois,6978,146,986,39
2020-04-02,Illinois,7695,165,717,19
2020-04-03,Illinois,8904,212,1209,47
2020-04-04,Illinois,10357,248,1453,36
2020-04-05,Illinois,11276,283,919,35
2020-04-06,Illinois,12262,309,986,26
2020-04-07,Illinois,13549,384,1287,75
2020-04-08,Illinois,15078,464,1529,80
2020-04-09,Illinois,16422,534,1344,70
2020-04-10,Illinois,17887,607,1465,73
2020-04-11,Illinois,19180,682,1293,75
2020-04-12,Illinois,20852,727,1672,45
2020-04-13,Illinois,22025,800,1173,73
2020-04-14,Illinois,23247,878,1222,78
2020-04-15,Illinois,24593,958,1346,80
2020-04-16,Illinois,25734,1081,1141,123
2020-04-17,Illinois,27575,1142,1841,61
2020-04-18,Illinois,29160,1272,1585,130
2020-04-19,Illinois,30357,1302,1197,30
2020-04-20,Illinois,31508,1359,1151,57
2020-04-21,Illinois,33059,1479,1551,120
2020-04-22,Illinois,35108,1577,2049,98
2020-04-23,Illinois,36935,1696,1827,119
2020-04-24,Illinois,39658,1804,2723,108
2020-04-25,Illinois,41777,1884,2119,80
2020-04-26,Illinois,43903,1943,2126,59
2020-04-27,Illinois,45883,1992,1980,49
2020-04-28,Illinois,48102,2132,2219,140
2020-04-29,Illinois,50355,2221,2253,89
2020-04-30,Illinois,52918,2361,2563,140
2020-05-01,Illinois,56055,2464,3137,103
2020-05-02,Illinois,58505,2576,2450,112
2020-05-03,Illinois,61499,2632,2994,56
2020-05-04,Illinois,63840,2673,2341,41
2020-05-05,Illinois,65889,2843,2049,170
2020-05-06,Illinois,68164,2977,2275,134
2020-05-07,Illinois,70802,3139,2638,162
2020-05-08,Illinois,73688,3262,2886,123
2020-05-09,Illinois,76008,3362,2320,100
2020-05-10,Illinois,77662,3426,1654,64
2020-05-11,Illinois,79123,3480,1461,54
2020-05-12,Illinois,83168,3617,4045,137
2020-05-13,Illinois,84874,3815,1706,198
2020-05-14,Illinois,88081,3945,3207,130
2020-05-15,Illinois,90528,4075,2447,130
2020-05-16,Illinois,92669,4149,2141,74
2020-05-17,Illinois,94360,4198,1691,49
2020-05-18,Illinois,96778,4257,2418,59
2020-05-19,Illinois,98298,4399,1520,142
2020-05-20,Illinois,100713,4547,2415,148
2020-05-21,Illinois,102995,4634,2282,87
2020-05-22,Illinois,105710,4740,2715,106
2020-05-23,Illinois,108100,4817,2390,77
2020-05-24,Illinois,110541,4884,2441,67
2020-05-25,Illinois,112248,4912,1707,28
2020-05-26,Illinois,113486,4960,1238,48
2020-05-27,Illinois,114612,5118,1126,158
2020-05-28,Illinois,116128,5225,1516,107
2020-05-29,Illinois,117794,5308,1666,83
2020-05-30,Illinois,119290,5368,1496,60
2020-05-31,Illinois,120588,5426,1298,58
2020-06-01,Illinois,121666,5458,1078,32
2020-06-02,Illinois,123244,5567,1578,109
2020-06-03,Illinois,124279,5665,1035,98
2020-06-04,Illinois,125149,5772,870,107
2020-06-05,Illinois,126317,5834,1168,62
2020-06-06,Illinois,127251,5898,934,64
2020-06-07,Illinois,128070,5939,819,41
2020-06-08,Illinois,129543,6142,1473,203
2020-06-09,Illinois,130321,6237,778,95
2020-06-10,Illinois,130889,6302,568,65
2020-06-11,Illinois,131731,6388,842,86
2020-06-12,Illinois,132489,6469,758,81
2020-06-13,Illinois,133117,6491,628,22
2020-06-14,Illinois,133719,6512,602,21
2020-06-15,Illinois,134247,6543,528,31
2020-06-16,Illinois,134866,6608,619,65
2020-06-17,Illinois,135416,6687,550,79
2020-06-18,Illinois,136081,6737,665,50
2020-06-19,Illinois,136917,6801,836,64
2020-06-20,Illinois,137535,6846,618,45
2020-06-21,Illinois,138154,6865,619,19
2020-06-22,Illinois,138615,6889,461,24
2020-06-23,Illinois,139282,6925,667,36
2020-06-24,Illinois,140025,6986,743,61
2020-06-25,Illinois,140935,7024,910,38
2020-06-26,Illinois,141812,7059,877,35
2020-06-27,Illinois,142536,7083,724,24
2020-06-28,Illinois,143117,7098,581,15
2020-06-29,Illinois,143885,7115,768,17
2020-06-30,Illinois,144661,7136,776,21
2020-07-01,Illinois,145541,7160,880,24
2020-07-02,Illinois,146407,7197,866,37
2020-07-03,Illinois,147293,7222,886,25
2020-07-04,Illinois,148151,7234,858,12
2020-07-05,Illinois,148730,7241,579,7
2020-07-06,Illinois,149428,7250,698,9
2020-07-07,Illinois,150110,7281,682,31
2020-07-08,Illinois,151055,7315,945,34
2020-07-09,Illinois,152188,7333,1133,18
2020-07-10,Illinois,153406,7349,1218,16
2020-07-11,Illinois,154530,7372,1124,23
2020-07-12,Illinois,155355,7391,825,19
2020-07-13,Illinois,156288,7398,933,7
2020-07-14,Illinois,157055,7425,767,27
2020-07-15,Illinois,158451,7435,1396,10
2020-07-16,Illinois,159676,7457,1225,22
2020-07-17,Illinois,161042,7468,1366,11
2020-07-18,Illinois,162299,7486,1257,18
2020-07-19,Illinois,163284,7491,985,5
2020-07-20,Illinois,164552,7500,1268,9
2020-07-21,Illinois,165534,7521,982,21
2020-07-22,Illinois,167142,7544,1608,23
2020-07-23,Illinois,168766,7563,1624,19
2020-07-24,Illinois,170376,7580,1610,17
2020-07-25,Illinois,171669,7593,1293,13
2020-07-26,Illinois,173079,7595,1410,2
2020-07-27,Illinois,174442,7619,1363,24
2020-07-28,Illinois,175588,7645,1146,26
2020-07-29,Illinois,176967,7661,1379,16
2020-07-30,Illinois,178832,7677,1865,16
2020-07-31,Illinois,180701,7703,1869,26
2020-08-01,Illinois,182232,7707,1531,4
2020-08-02,Illinois,183714,7718,1482,11
2020-08-03,Illinois,185238,7728,1524,10
2020-08-04,Illinois,186598,7747,1360,19
2020-08-05,Illinois,188474,7776,1876,29
2020-08-06,Illinois,190465,7796,1991,20
2020-08-07,Illinois,192482,7833,2017,37
2020-08-08,Illinois,194531,7846,2049,13
2020-08-09,Illinois,195897,7852,1366,6
2020-08-10,Illinois,197326,7854,1429,2
2020-08-11,Illinois,198919,7879,1593,25
2020-08-12,Illinois,200648,7907,1729,28
2020-08-13,Illinois,202577,7934,1929,27
2020-08-14,Illinois,204827,7953,2250,19
2020-08-15,Illinois,206505,7959,1678,6
2020-08-16,Illinois,208068,7973,1563,14
2020-08-17,Illinois,209942,7990,1874,17
2020-08-18,Illinois,211806,8017,1864,27
2020-08-19,Illinois,213888,8037,2082,20
2020-08-20,Illinois,215889,8064,2001,27
2020-08-21,Illinois,218111,8086,2222,22
2020-08-22,Illinois,220459,8107,2348,21
2020-08-23,Illinois,222292,8114,1833,7
2020-08-24,Illinois,224056,8123,1764,9
2020-08-25,Illinois,225812,8155,1756,32
2020-08-26,Illinois,227872,8186,2060,31
2020-08-27,Illinois,229598,8206,1726,20
2020-08-28,Illinois,232052,8229,2454,23
2020-08-29,Illinois,233806,8236,1754,7
2020-08-30,Illinois,235779,8248,1973,12
2020-08-31,Illinois,237682,8258,1903,10
2020-09-01,Illinois,239115,8299,1433,41
2020-09-02,Illinois,241282,8322,2167,23
2020-09-03,Illinois,242715,8347,1433,25
2020-09-04,Illinois,248253,8386,5538,39
2020-09-05,Illinois,250882,8405,2629,19
2020-09-06,Illinois,252306,8409,1424,4
2020-09-07,Illinois,253649,8417,1343,8
2020-09-08,Illinois,255229,8431,1580,14
2020-09-09,Illinois,256614,8457,1385,26
2020-09-10,Illinois,258573,8480,1959,23
2020-09-11,Illinois,260949,8522,2376,42
2020-09-12,Illinois,262957,8546,2008,24
2020-09-13,Illinois,264340,8562,1383,16
2020-09-14,Illinois,265869,8571,1529,9
2020-09-15,Illinois,267380,8589,1511,18
2020-09-16,Illinois,269282,8622,1902,33
2020-09-17,Illinois,271370,8643,2088,21
2020-09-18,Illinois,273596,8666,2226,23
2020-09-19,Illinois,276057,8688,2461,22
2020-09-20,Illinois,277373,8700,1316,12
2020-09-21,Illinois,279032,8717,1659,17
2020-09-22,Illinois,280511,8741,1479,24
2020-09-23,Illinois,282331,8762,1820,21
2020-09-24,Illinois,284620,8793,2289,31
2020-09-25,Illinois,287375,8826,2755,33
2020-09-26,Illinois,289683,8847,2308,21
2020-09-27,Illinois,291271,8859,1588,12
2020-09-28,Illinois,293169,8877,1898,18
2020-09-29,Illinois,294673,8901,1504,24
2020-09-30,Illinois,296935,8935,2262,34
2020-10-01,Illinois,299111,8956,2176,21
2020-10-02,Illinois,301540,9007,2429,51
2020-10-03,Illinois,303807,9033,2267,26
2020-10-04,Illinois,305218,9050,1411,17
2020-10-05,Illinois,307428,9071,2210,21
2020-10-06,Illinois,308990,9100,1562,29
2020-10-07,Illinois,311614,9138,2624,38
2020-10-08,Illinois,314725,9173,3111,35
2020-10-09,Illinois,317501,9207,2776,34
2020-10-10,Illinois,320283,9235,2782,28
2020-10-11,Illinois,322985,9245,2702,10
2020-10-12,Illinois,325755,9258,2770,13
2020-10-13,Illinois,329160,9288,3405,30
2020-10-14,Illinois,332124,9335,2964,47
2020-10-15,Illinois,336211,9392,4087,57
2020-10-16,Illinois,341219,9447,5008,55
2020-10-17,Illinois,344787,9474,3568,27
2020-10-18,Illinois,348870,9491,4083,17
2020-10-19,Illinois,352449,9520,3579,29
2020-10-20,Illinois,356151,9562,3702,42
2020-10-21,Illinois,360160,9622,4009,60
2020-10-22,Illinois,365120,9663,4960,41
2020-10-23,Illinois,370134,9704,5014,41
2020-10-24,Illinois,376034,9765,5900,61
2020-10-25,Illinois,380065,9788,4031,23
2020-10-26,Illinois,385084,9811,5019,23
2020-10-27,Illinois,389088,9860,4004,49
2020-10-28,Illinois,395204,9912,6116,52
2020-10-29,Illinois,401622,9963,6418,51
2020-10-30,Illinois,410141,10012,8519,49
2020-10-31,Illinois,416557,10030,6416,18
2020-11-01,Illinois,424860,10091,8303,61
2020-11-02,Illinois,431281,10115,6421,24
2020-11-03,Illinois,437879,10177,6598,62
2020-11-04,Illinois,445537,10239,7658,62
2020-11-05,Illinois,455528,10334,9991,95
2020-11-06,Illinois,466884,10412,11356,78
2020-11-07,Illinois,479061,10498,12177,86
2020-11-08,Illinois,488980,10548,9919,50
2020-11-09,Illinois,500015,10577,11035,29
2020-11-10,Illinois,512688,10658,12673,81
2020-11-11,Illinois,525072,10805,12384,147
2020-11-12,Illinois,537860,10855,12788,50
2020-11-13,Illinois,553083,10907,15223,52
2020-11-14,Illinois,564086,11098,11003,191
2020-11-15,Illinois,574722,11170,10636,72
2020-11-16,Illinois,586569,11217,11847,47
2020-11-17,Illinois,599358,11327,12789,110
2020-11-18,Illinois,608056,11488,8698,161
2020-11-19,Illinois,622869,11671,14813,183
2020-11-20,Illinois,635823,11814,12954,143
2020-11-21,Illinois,647474,11967,11651,153
2020-11-22,Illinois,657402,12064,9928,97
2020-11-23,Illinois,665865,12141,8463,77
2020-11-24,Illinois,675543,12294,9678,153
2020-11-25,Illinois,686855,12465,11312,171
2020-11-26,Illinois,698364,12609,11509,144
2020-11-27,Illinois,706123,12705,7759,96
2020-11-28,Illinois,714070,12852,7947,147
2020-11-29,Illinois,721487,12895,7417,43
2020-11-30,Illinois,727825,13015,6338,120
2020-12-01,Illinois,740510,13175,12685,160
2020-12-02,Illinois,750208,13433,9698,258
2020-12-03,Illinois,761209,13650,11001,217
2020-12-04,Illinois,771696,13808,10487,158
2020-12-05,Illinois,781441,14028,9745,220
2020-12-06,Illinois,788922,14127,7481,99
2020-12-07,Illinois,797789,14234,8867,107
2020-12-08,Illinois,805794,14392,8005,158
2020-12-09,Illinois,813990,14621,8196,229
2020-12-10,Illinois,825136,14852,11146,231
2020-12-11,Illinois,834668,15076,9532,224
2020-12-12,Illinois,843328,15232,8660,156
2020-12-13,Illinois,850412,15340,7084,108
2020-12-14,Illinois,857860,15458,7448,118
2020-12-15,Illinois,865261,15591,7401,133
2020-12-16,Illinois,872294,15780,7033,189
2020-12-17,Illinois,881229,15987,8935,207
2020-12-18,Illinois,888478,16206,7249,219
2020-12-19,Illinois,896003,16326,7525,120
2020-12-20,Illinois,901924,16407,5921,81
2020-12-21,Illinois,906917,16530,4993,123
2020-12-22,Illinois,913265,16677,6348,147
2020-12-23,Illinois,919992,16846,6727,169
2020-12-24,Illinois,926967,16964,6975,118
2020-12-25,Illinois,932427,17155,5460,191
2020-12-26,Illinois,935849,17225,3422,70
2020-12-27,Illinois,939671,17336,3822,111
2020-12-28,Illinois,944402,17476,4731,140
2020-12-29,Illinois,950122,17606,5720,130
2020-12-30,Illinois,957853,17813,7731,207
2020-12-31,Illinois,965840,17979,7987,166
2021-01-01,Illinois,966287,17979,447,0
2021-01-02,Illinois,977677,18217,11390,238
2021-01-03,Illinois,982105,18322,4428,105
2021-01-04,Illinois,987459,18414,5354,92
2021-01-05,Illinois,994511,18569,7052,155
2021-01-06,Illinois,1001955,18738,7444,169
2021-01-07,Illinois,1010808,18944,8853,206
2021-01-08,Illinois,1020011,19110,9203,166
2021-01-09,Illinois,1026639,19212,6628,102
2021-01-10,Illinois,1031288,19295,4649,83
2021-01-11,Illinois,1036450,19365,5162,70
2021-01-12,Illinois,1043041,19497,6591,132
2021-01-13,Illinois,1048784,19619,5743,122
2021-01-14,Illinois,1055550,19728,6766,109
2021-01-15,Illinois,1062121,19876,6571,148
2021-01-16,Illinois,1067230,20021,5109,145
2021-01-17,Illinois,1071307,20052,4077,31
2021-01-18,Illinois,1074719,20119,3412,67
2021-01-19,Illinois,1079307,20154,4588,35
2021-01-20,Illinois,1084134,20285,4827,131
2021-01-21,Illinois,1089010,20423,4876,138
2021-01-22,Illinois,1095917,20535,6907,112
2021-01-23,Illinois,1101037,20645,5120,110
2021-01-24,Illinois,1104206,20680,3169,35
2021-01-25,Illinois,1107388,20744,3182,64
2021-01-26,Illinois,1111028,20853,3640,109
2021-01-27,Illinois,1114798,20950,3770,97
2021-01-28,Illinois,1119004,21074,4206,124
2021-01-29,Illinois,1123152,21147,4148,73
2021-01-30,Illinois,1126448,21213,3296,66
2021-01-31,Illinois,1128505,21242,2057,29
2021-02-01,Illinois,1131212,21273,2707,31
2021-02-02,Illinois,1133691,21336,2479,63
2021-02-03,Illinois,1137037,21420,3346,84
2021-02-04,Illinois,1140341,21497,3304,77
2021-02-05,Illinois,1143961,21603,3620,106
2021-02-06,Illinois,1146952,21676,2991,73
2021-02-07,Illinois,1148947,21738,1995,62
2021-02-08,Illinois,1150869,21779,1922,41
2021-02-09,Illinois,1152942,21802,2073,23
2021-02-10,Illinois,1155802,21869,2860,67
2021-02-11,Illinois,1158595,21985,2793,116
2021-02-12,Illinois,1161206,22027,2611,42
2021-02-13,Illinois,1163232,22087,2026,60
2021-02-14,Illinois,1164743,22121,1511,34
2021-02-15,Illinois,1166098,22166,1355,45
2021-02-16,Illinois,1167889,22199,1791,33
2021-02-17,Illinois,1169747,22224,1858,25
2021-02-18,Illinois,1171687,22297,1940,73
2021-02-19,Illinois,1173897,22368,2210,71
2021-02-20,Illinois,1175781,22426,1884,58
2021-02-21,Illinois,1177301,22466,1520,40
2021-02-22,Illinois,1178702,22506,1401,40
2021-02-23,Illinois,1180421,22528,1719,22
2021-02-24,Illinois,1182402,22575,1981,47
2021-02-25,Illinois,1184374,22607,1972,32
2021-02-26,Illinois,1186993,22675,2619,68
2021-02-27,Illinois,1188732,22710,1739,35
2021-02-28,Illinois,1189922,22735,1190,25
2021-03-01,Illinois,1191207,22759,1285,24
2021-03-02,Illinois,1192860,22803,1653,44
2021-03-03,Illinois,1194960,22853,2100,50
2021-03-04,Illinois,1196739,22902,1779,49
2021-03-05,Illinois,1198242,22946,1503,44
2021-03-06,Illinois,1200720,23002,2478,56
2021-03-07,Illinois,1201760,23014,1040,12
2021-03-08,Illinois,1203008,23020,1248,6
2021-03-09,Illinois,1204693,23039,1685,19
2021-03-10,Illinois,1206362,23067,1669,28
2021-03-11,Illinois,1208072,23122,1710,55
2021-03-12,Illinois,1209847,23163,1775,41
2021-03-13,Illinois,1211440,23188,1593,25
2021-03-14,Illinois,1212895,23206,1455,18
2021-03-15,Illinois,1213763,23216,868,10
2021-03-16,Illinois,1215745,23235,1982,19
2021-03-17,Illinois,1217258,23255,1513,20
2021-03-18,Illinois,1219667,23287,2409,32
2021-03-19,Illinois,1222043,23304,2376,17
2021-03-20,Illinois,1223884,23329,1841,25
2021-03-21,Illinois,1225236,23357,1352,28
2021-03-22,Illinois,1226595,23379,1359,22
2021-03-23,Illinois,1228418,23391,1823,12
2021-03-24,Illinois,1231154,23408,2736,17
2021-03-25,Illinois,1233417,23442,2263,34
2021-03-26,Illinois,1236528,23472,3111,30
2021-03-27,Illinois,1239012,23498,2484,26
2021-03-28,Illinois,1241187,23521,2175,23
2021-03-29,Illinois,1243171,23527,1984,6
2021-03-30,Illinois,1245548,23542,2377,15
2021-03-31,Illinois,1248133,23579,2585,37
2021-04-01,Illinois,1251829,23601,3696,22
2021-04-02,Illinois,1254866,23626,3037,25
2021-04-03,Illinois,1257605,23635,2739,9
2021-04-04,Illinois,1260001,23654,2396,19
2021-04-05,Illinois,1262345,23665,2344,11
2021-04-06,Illinois,1265309,23673,2964,8
2021-04-07,Illinois,1269002,23702,3693,29
2021-04-08,Illinois,1272932,23740,3930,38
2021-04-09,Illinois,1276891,23762,3959,22
2021-04-10,Illinois,1280295,23777,3404,15
2021-04-11,Illinois,1283110,23793,2815,16
2021-04-12,Illinois,1285780,23809,2670,16
2021-04-13,Illinois,1288969,23826,3189,17
2021-04-14,Illinois,1292456,23865,3487,39
2021-04-15,Illinois,1296240,23896,3784,31
2021-04-16,Illinois,1300047,23920,3807,24
2021-04-17,Illinois,1303011,23945,2964,25
2021-04-18,Illinois,1305604,23955,2593,10
2021-04-19,Illinois,1307764,23976,2160,21
2021-04-20,Illinois,1310368,23989,2604,13
2021-04-21,Illinois,1313149,24018,2781,29
2021-04-22,Illinois,1316497,24056,3348,38
2021-04-23,Illinois,1319947,24083,3450,27
2021-04-24,Illinois,1322640,24114,2693,31
2021-04-25,Illinois,1324610,24139,1970,25
2021-04-26,Illinois,1326850,24150,2240,11
2021-04-27,Illinois,1329443,24174,2593,24
2021-04-28,Illinois,1332089,24211,2646,37
2021-04-29,Illinois,1335559,24252,3470,41
