date,state,total cases,total deaths,new cases,new deaths
2020-03-09,Louisiana,1,0,1,0
2020-03-10,Louisiana,6,0,5,0
2020-03-11,Louisiana,13,0,7,0
2020-03-12,Louisiana,14,0,1,0
2020-03-13,Louisiana,36,0,22,0
2020-03-14,Louisiana,77,1,41,1
2020-03-15,Louisiana,103,2,26,1
2020-03-16,Louisiana,137,3,34,1
2020-03-17,Louisiana,196,5,59,2
2020-03-18,Louisiana,280,7,84,2
2020-03-19,Louisiana,392,10,112,3
2020-03-20,Louisiana,537,10,145,0
2020-03-21,Louisiana,763,16,226,6
2020-03-22,Louisiana,837,20,74,4
2020-03-23,Louisiana,1172,34,335,14
2020-03-24,Louisiana,1388,46,216,12
2020-03-25,Louisiana,1795,65,407,19
2020-03-26,Louisiana,2305,83,510,18
2020-03-27,Louisiana,2746,119,441,36
2020-03-28,Louisiana,3315,137,569,18
2020-03-29,Louisiana,3539,153,224,16
2020-03-30,Louisiana,4024,186,485,33
2020-03-31,Louisiana,5237,240,1213,54
2020-04-01,Louisiana,6424,275,1187,35
2020-04-02,Louisiana,9152,310,2728,35
2020-04-03,Louisiana,10299,370,1147,60
2020-04-04,Louisiana,12500,412,2201,42
2020-04-05,Louisiana,13014,477,514,65
2020-04-06,Louisiana,14867,512,1853,35
2020-04-07,Louisiana,16284,582,1417,70
2020-04-08,Louisiana,17030,652,746,70
2020-04-09,Louisiana,18283,702,1253,50
2020-04-10,Louisiana,19253,755,970,53
2020-04-11,Louisiana,20014,806,761,51
2020-04-12,Louisiana,20595,840,581,34
2020-04-13,Louisiana,21016,884,421,44
2020-04-14,Louisiana,21518,1013,502,129
2020-04-15,Louisiana,21951,1103,433,90
2020-04-16,Louisiana,22532,1156,581,53
2020-04-17,Louisiana,23118,1213,586,57
2020-04-18,Louisiana,23580,1267,462,54
2020-04-19,Louisiana,23928,1296,348,29
2020-04-20,Louisiana,24523,1328,595,32
2020-04-21,Louisiana,24854,1405,331,77
2020-04-22,Louisiana,25317,1532,463,127
2020-04-23,Louisiana,25798,1599,481,67
2020-04-24,Louisiana,26199,1660,401,61
2020-04-25,Louisiana,26571,1703,372,43
2020-04-26,Louisiana,26832,1729,261,26
2020-04-27,Louisiana,27111,1740,279,11
2020-04-28,Louisiana,27329,1801,218,61
2020-04-29,Louisiana,27703,1845,374,44
2020-04-30,Louisiana,28044,1905,341,60
2020-05-01,Louisiana,28754,1970,710,65
2020-05-02,Louisiana,29183,1993,429,23
2020-05-03,Louisiana,29383,2012,200,19
2020-05-04,Louisiana,29746,2064,363,52
2020-05-05,Louisiana,30069,2115,323,51
2020-05-06,Louisiana,30472,2167,403,52
2020-05-07,Louisiana,30725,2208,253,41
2020-05-08,Louisiana,30928,2227,203,19
2020-05-09,Louisiana,31490,2267,562,40
2020-05-10,Louisiana,31673,2286,183,19
2020-05-11,Louisiana,31881,2308,208,22
2020-05-12,Louisiana,32116,2347,235,39
2020-05-13,Louisiana,32728,2381,612,34
2020-05-14,Louisiana,33555,2417,827,36
2020-05-15,Louisiana,33903,2448,348,31
2020-05-16,Louisiana,34183,2479,280,31
2020-05-17,Louisiana,34498,2491,315,12
2020-05-18,Louisiana,34832,2563,334,72
2020-05-19,Louisiana,35161,2581,329,18
2020-05-20,Louisiana,35439,2608,278,27
2020-05-21,Louisiana,36627,2629,1188,21
2020-05-22,Louisiana,37048,2669,421,40
2020-05-23,Louisiana,37165,2683,117,14
2020-05-24,Louisiana,37293,2690,128,7
2020-05-25,Louisiana,37916,2690,623,0
2020-05-26,Louisiana,38252,2701,336,11
2020-05-27,Louisiana,38694,2722,442,21
2020-05-28,Louisiana,38907,2740,213,18
2020-05-29,Louisiana,38907,2766,0,26
2020-05-30,Louisiana,39682,2785,775,19
2020-05-31,Louisiana,40021,2791,339,6
2020-06-01,Louisiana,40452,2801,431,10
2020-06-02,Louisiana,40857,2835,405,34
2020-06-03,Louisiana,41244,2870,387,35
2020-06-04,Louisiana,41673,2883,429,13
2020-06-05,Louisiana,42100,2912,427,29
2020-06-06,Louisiana,42597,2925,497,13
2020-06-07,Louisiana,42927,2936,330,11
2020-06-08,Louisiana,43163,2944,236,8
2020-06-09,Louisiana,43725,2957,562,13
2020-06-10,Louisiana,44143,2968,418,11
2020-06-11,Louisiana,44585,2987,442,19
2020-06-12,Louisiana,45108,2996,523,9
2020-06-13,Louisiana,46396,3004,1288,8
2020-06-14,Louisiana,46732,3014,336,10
2020-06-15,Louisiana,47284,3018,552,4
2020-06-16,Louisiana,47818,3042,534,24
2020-06-17,Louisiana,48746,3062,928,20
2020-06-18,Louisiana,49506,3069,760,7
2020-06-19,Louisiana,48627,3084,0,15
2020-06-20,Louisiana,49497,3104,870,20
2020-06-21,Louisiana,49890,3105,393,1
2020-06-22,Louisiana,50352,3117,462,12
2020-06-23,Louisiana,51708,3134,1356,17
2020-06-24,Louisiana,52590,3152,882,18
2020-06-25,Louisiana,53528,3164,938,12
2020-06-26,Louisiana,54882,3190,1354,26
2020-06-27,Louisiana,54882,3190,0,0
2020-06-28,Louisiana,56349,3199,1467,9
2020-06-29,Louisiana,57189,3199,840,0
2020-06-30,Louisiana,58203,3221,1014,22
2020-07-01,Louisiana,60286,3238,2083,17
2020-07-02,Louisiana,61669,3255,1383,17
2020-07-03,Louisiana,63397,3278,1728,23
2020-07-04,Louisiana,63397,3278,0,0
2020-07-05,Louisiana,65334,3288,1937,10
2020-07-06,Louisiana,66435,3296,1101,8
2020-07-07,Louisiana,68371,3319,1936,23
2020-07-08,Louisiana,70259,3339,1888,20
2020-07-09,Louisiana,72102,3355,1843,16
2020-07-10,Louisiana,74744,3380,2642,25
2020-07-11,Louisiana,76911,3403,2167,23
2020-07-12,Louisiana,78230,3416,1319,13
2020-07-13,Louisiana,79935,3423,1705,7
2020-07-14,Louisiana,82150,3445,2215,22
2020-07-15,Louisiana,84241,3461,2091,16
2020-07-16,Louisiana,86521,3485,2280,24
2020-07-17,Louisiana,88700,3509,2179,24
2020-07-18,Louisiana,88700,3509,0,0
2020-07-19,Louisiana,91816,3543,3116,34
2020-07-20,Louisiana,95002,3572,3186,29
2020-07-21,Louisiana,96693,3608,1691,36
2020-07-22,Louisiana,99466,3670,2773,62
2020-07-23,Louisiana,101762,3686,2296,16
2020-07-24,Louisiana,103846,3715,2084,29
2020-07-25,Louisiana,103846,3715,0,0
2020-07-26,Louisiana,107686,3763,3840,48
2020-07-27,Louisiana,110029,3786,2343,23
2020-07-28,Louisiana,111150,3812,1121,26
2020-07-29,Louisiana,112887,3883,1737,71
2020-07-30,Louisiana,114595,3925,1708,42
2020-07-31,Louisiana,116394,3949,1799,24
2020-08-01,Louisiana,116394,3949,0,0
2020-08-02,Louisiana,119861,4007,3467,58
2020-08-03,Louisiana,120960,4024,1099,17
2020-08-04,Louisiana,124575,4051,3615,27
2020-08-05,Louisiana,126061,4096,1486,45
2020-08-06,Louisiana,127364,4146,1303,50
2020-08-07,Louisiana,128864,4207,1500,61
2020-08-08,Louisiana,128864,4207,0,0
2020-08-09,Louisiana,131517,4263,2653,56
2020-08-10,Louisiana,132079,4287,562,24
2020-08-11,Louisiana,133243,4313,1164,26
2020-08-12,Louisiana,134427,4361,1184,48
2020-08-13,Louisiana,135562,4402,1135,41
2020-08-14,Louisiana,136860,4430,1298,28
2020-08-15,Louisiana,136860,4430,0,0
2020-08-16,Louisiana,138041,4507,1181,77
2020-08-17,Louisiana,138608,4526,567,19
2020-08-18,Louisiana,139248,4554,640,28
2020-08-19,Louisiana,140044,4609,796,55
2020-08-20,Louisiana,140962,4637,918,28
2020-08-21,Louisiana,141861,4687,899,50
2020-08-22,Louisiana,141861,4687,0,0
2020-08-23,Louisiana,143084,4746,1223,59
2020-08-24,Louisiana,143707,4764,623,18
2020-08-25,Louisiana,144257,4797,550,33
2020-08-26,Louisiana,145661,4851,1404,54
2020-08-27,Louisiana,146338,4874,677,23
2020-08-28,Louisiana,146944,4904,606,30
2020-08-29,Louisiana,146944,4904,0,0
2020-08-30,Louisiana,148568,4931,1624,27
2020-08-31,Louisiana,148894,4950,326,19
2020-09-01,Louisiana,149583,4984,689,34
2020-09-02,Louisiana,150734,5004,1151,20
2020-09-03,Louisiana,151547,5021,813,17
2020-09-04,Louisiana,152369,5035,822,14
2020-09-05,Louisiana,152369,5035,0,0
2020-09-06,Louisiana,153764,5093,1395,58
2020-09-07,Louisiana,154073,5105,309,12
2020-09-08,Louisiana,154329,5118,256,13
2020-09-09,Louisiana,155890,5140,1561,22
2020-09-10,Louisiana,156354,5161,464,21
2020-09-11,Louisiana,157109,5202,755,41
2020-09-12,Louisiana,157109,5202,0,0
2020-09-13,Louisiana,158390,5235,1281,33
2020-09-14,Louisiana,158882,5252,492,17
2020-09-15,Louisiana,159253,5278,371,26
2020-09-16,Louisiana,159865,5294,612,16
2020-09-17,Louisiana,160343,5311,478,17
2020-09-18,Louisiana,161322,5340,979,29
2020-09-19,Louisiana,161322,5340,0,0
2020-09-20,Louisiana,162258,5366,936,26
2020-09-21,Louisiana,162501,5375,243,9
2020-09-22,Louisiana,163253,5386,752,11
2020-09-23,Louisiana,163869,5407,616,21
2020-09-24,Louisiana,164446,5423,577,16
2020-09-25,Louisiana,165152,5444,706,21
2020-09-26,Louisiana,165152,5444,0,0
2020-09-27,Louisiana,166075,5465,923,21
2020-09-28,Louisiana,166315,5480,240,15
2020-09-29,Louisiana,166848,5490,533,10
2020-09-30,Louisiana,167458,5511,610,21
2020-10-01,Louisiana,168009,5519,551,8
2020-10-02,Louisiana,168826,5545,817,26
2020-10-03,Louisiana,168826,5545,0,0
2020-10-04,Louisiana,169719,5577,893,32
2020-10-05,Louisiana,169937,5586,218,9
2020-10-06,Louisiana,170469,5592,532,6
2020-10-07,Louisiana,172625,5604,2156,12
2020-10-08,Louisiana,173149,5609,524,5
2020-10-09,Louisiana,173406,5635,257,26
2020-10-10,Louisiana,173406,5635,0,0
2020-10-11,Louisiana,174587,5655,1181,20
2020-10-12,Louisiana,174647,5669,60,14
2020-10-13,Louisiana,175329,5679,682,10
2020-10-14,Louisiana,176209,5695,880,16
2020-10-15,Louisiana,176952,5707,743,12
2020-10-16,Louisiana,177726,5727,774,20
2020-10-17,Louisiana,177726,5727,0,0
2020-10-18,Louisiana,178869,5750,1143,23
2020-10-19,Louisiana,179070,5766,201,16
2020-10-20,Louisiana,179769,5772,699,6
2020-10-21,Louisiana,181132,5790,1363,18
2020-10-22,Louisiana,181904,5799,772,9
2020-10-23,Louisiana,182603,5820,699,21
2020-10-24,Louisiana,182603,5820,0,0
2020-10-25,Louisiana,183575,5837,972,17
2020-10-26,Louisiana,183802,5854,227,17
2020-10-27,Louisiana,184724,5872,922,18
2020-10-28,Louisiana,185822,5890,1098,18
2020-10-29,Louisiana,186216,5908,394,18
2020-10-30,Louisiana,186649,5919,433,11
2020-10-31,Louisiana,186649,5919,0,0
2020-11-01,Louisiana,187720,5926,1071,7
2020-11-02,Louisiana,187995,5934,275,8
2020-11-03,Louisiana,189148,5951,1153,17
2020-11-04,Louisiana,190164,5975,1016,24
2020-11-05,Louisiana,190845,5995,681,20
2020-11-06,Louisiana,191715,6016,870,21
2020-11-07,Louisiana,191715,6016,0,0
2020-11-08,Louisiana,192981,6036,1266,20
2020-11-09,Louisiana,193372,6048,391,12
2020-11-10,Louisiana,194702,6058,1330,10
2020-11-11,Louisiana,194702,6058,0,0
2020-11-12,Louisiana,198531,6097,3829,39
2020-11-13,Louisiana,201981,6121,3450,24
2020-11-14,Louisiana,201981,6121,0,0
2020-11-15,Louisiana,204513,6132,2532,11
2020-11-16,Louisiana,205059,6139,546,7
2020-11-17,Louisiana,207685,6156,2626,17
2020-11-18,Louisiana,209914,6184,2229,28
2020-11-19,Louisiana,211966,6199,2052,15
2020-11-20,Louisiana,216709,6233,4743,34
2020-11-21,Louisiana,216709,6233,0,0
2020-11-22,Louisiana,220192,6260,3483,27
2020-11-23,Louisiana,221160,6284,968,24
2020-11-24,Louisiana,224403,6323,3243,39
2020-11-25,Louisiana,225638,6350,1235,27
2020-11-26,Louisiana,225638,6350,0,0
2020-11-27,Louisiana,230602,6391,4964,41
2020-11-28,Louisiana,230602,6391,0,0
2020-11-29,Louisiana,232245,6407,1643,16
2020-11-30,Louisiana,232414,6420,169,13
2020-12-01,Louisiana,237740,6455,5326,35
2020-12-02,Louisiana,241335,6501,3595,46
2020-12-03,Louisiana,244078,6524,2743,23
2020-12-04,Louisiana,247177,6548,3099,24
2020-12-05,Louisiana,247177,6548,0,0
2020-12-06,Louisiana,251123,6584,3946,36
2020-12-07,Louisiana,252136,6607,1013,23
2020-12-08,Louisiana,254562,6652,2426,45
2020-12-09,Louisiana,258914,6684,4352,32
2020-12-10,Louisiana,261329,6724,2415,40
2020-12-11,Louisiana,264191,6767,2862,43
2020-12-12,Louisiana,264191,6767,0,0
2020-12-13,Louisiana,268613,6818,4422,51
2020-12-14,Louisiana,269643,6845,1030,27
2020-12-15,Louisiana,272276,6895,2633,50
2020-12-16,Louisiana,275545,6933,3269,38
2020-12-17,Louisiana,279321,6964,3776,31
2020-12-18,Louisiana,282434,6994,3113,30
2020-12-19,Louisiana,282434,6994,0,0
2020-12-20,Louisiana,286145,7042,3711,48
2020-12-21,Louisiana,287261,7107,1116,65
2020-12-22,Louisiana,290960,7158,3699,51
2020-12-23,Louisiana,293934,7226,2974,68
2020-12-24,Louisiana,296499,7272,2565,46
2020-12-25,Louisiana,296499,7272,0,0
2020-12-26,Louisiana,296499,7272,0,0
2020-12-27,Louisiana,299722,7291,3223,19
2020-12-28,Louisiana,300539,7336,817,45
2020-12-29,Louisiana,304485,7397,3946,61
2020-12-30,Louisiana,311229,7448,6744,51
2020-12-31,Louisiana,315275,7488,4046,40
2021-01-01,Louisiana,315275,7488,0,0
2021-01-02,Louisiana,315275,7488,0,0
2021-01-03,Louisiana,321058,7537,5783,49
2021-01-04,Louisiana,322181,7585,1123,48
2021-01-05,Louisiana,326648,7635,4467,50
2021-01-06,Louisiana,333524,7681,6876,46
2021-01-07,Louisiana,338054,7728,4530,47
2021-01-08,Louisiana,341431,7833,3377,105
2021-01-09,Louisiana,341431,7833,0,0
2021-01-10,Louisiana,346829,7873,5398,40
2021-01-11,Louisiana,348234,7918,1405,45
2021-01-12,Louisiana,352939,7971,4705,53
2021-01-13,Louisiana,355835,8022,2896,51
2021-01-14,Louisiana,361148,8080,5313,58
2021-01-15,Louisiana,364853,8080,3705,0
2021-01-16,Louisiana,364853,8080,0,0
2021-01-17,Louisiana,368980,8203,4127,123
2021-01-18,Louisiana,369951,8253,971,50
2021-01-19,Louisiana,372089,8324,2138,71
2021-01-20,Louisiana,374582,8383,2493,59
2021-01-21,Louisiana,378318,8442,3736,59
2021-01-22,Louisiana,380255,8483,1937,41
2021-01-23,Louisiana,380255,8483,0,0
2021-01-24,Louisiana,383862,8565,3607,82
2021-01-25,Louisiana,385942,8590,2080,25
2021-01-26,Louisiana,388562,8621,2620,31
2021-01-27,Louisiana,392416,8688,3854,67
2021-01-28,Louisiana,394909,8743,2493,55
2021-01-29,Louisiana,397276,8801,2367,58
2021-01-30,Louisiana,397276,8801,0,0
2021-01-31,Louisiana,400626,8859,3350,58
2021-02-01,Louisiana,401591,8912,965,53
2021-02-02,Louisiana,404194,8953,2603,41
2021-02-03,Louisiana,406235,9006,2041,53
2021-02-04,Louisiana,408995,9044,2760,38
2021-02-05,Louisiana,409861,9076,866,32
2021-02-06,Louisiana,409861,9076,0,0
2021-02-07,Louisiana,411812,9119,1951,43
2021-02-08,Louisiana,412989,9142,1177,23
2021-02-09,Louisiana,414354,9162,1365,20
2021-02-10,Louisiana,414687,9212,333,50
2021-02-11,Louisiana,417415,9239,2728,27
2021-02-12,Louisiana,418585,9276,1170,37
2021-02-13,Louisiana,418585,9276,0,0
2021-02-14,Louisiana,419891,9292,1306,16
2021-02-15,Louisiana,420394,9325,503,33
2021-02-16,Louisiana,420394,9325,0,0
2021-02-17,Louisiana,421018,9391,624,66
2021-02-18,Louisiana,421846,9406,828,15
2021-02-19,Louisiana,422287,9440,441,34
2021-02-20,Louisiana,422287,9440,0,0
2021-02-21,Louisiana,424176,9466,1889,26
2021-02-22,Louisiana,424644,9477,468,11
2021-02-23,Louisiana,426048,9503,1404,26
2021-02-24,Louisiana,426925,9528,877,25
2021-02-25,Louisiana,427689,9561,764,33
2021-02-26,Louisiana,428592,9587,903,26
2021-02-27,Louisiana,428592,9587,0,0
2021-02-28,Louisiana,430100,9608,1508,21
2021-03-01,Louisiana,430504,9628,404,20
2021-03-02,Louisiana,431271,9647,767,19
2021-03-03,Louisiana,431771,9668,500,21
2021-03-04,Louisiana,432527,9686,756,18
2021-03-05,Louisiana,433045,9716,518,30
2021-03-06,Louisiana,433045,9716,0,0
2021-03-07,Louisiana,433785,9748,740,32
2021-03-08,Louisiana,434289,9758,504,10
2021-03-09,Louisiana,434926,9769,637,11
2021-03-10,Louisiana,435514,9812,588,43
2021-03-11,Louisiana,435935,9828,421,16
2021-03-12,Louisiana,436482,9861,547,33
2021-03-13,Louisiana,436482,9861,0,0
2021-03-14,Louisiana,437393,9884,911,23
2021-03-15,Louisiana,437565,9903,172,19
2021-03-16,Louisiana,438557,9925,992,22
2021-03-17,Louisiana,439002,9955,445,30
2021-03-18,Louisiana,439543,9974,541,19
2021-03-19,Louisiana,439737,9988,194,14
2021-03-20,Louisiana,439737,9988,0,0
2021-03-21,Louisiana,439737,9988,0,0
2021-03-22,Louisiana,441066,10030,1329,42
2021-03-23,Louisiana,441771,10037,705,7
2021-03-24,Louisiana,442221,10056,450,19
2021-03-25,Louisiana,442620,10073,399,17
2021-03-26,Louisiana,443069,10087,449,14
2021-03-27,Louisiana,443069,10087,0,0
2021-03-28,Louisiana,443069,10087,0,0
2021-03-29,Louisiana,443905,10122,836,35
2021-03-30,Louisiana,444414,10132,509,10
2021-03-31,Louisiana,444933,10141,519,9
2021-04-01,Louisiana,445469,10161,536,20
2021-04-02,Louisiana,445469,10161,0,0
2021-04-03,Louisiana,445469,10161,0,0
2021-04-04,Louisiana,445469,10161,0,0
2021-04-05,Louisiana,446737,10165,1268,4
2021-04-06,Louisiana,446955,10174,218,9
2021-04-07,Louisiana,447655,10185,700,11
2021-04-08,Louisiana,448104,10200,449,15
2021-04-09,Louisiana,448838,10216,734,16
2021-04-10,Louisiana,448838,10216,0,0
2021-04-11,Louisiana,448838,10216,0,0
2021-04-12,Louisiana,449827,10241,989,25
2021-04-13,Louisiana,450279,10255,452,14
2021-04-14,Louisiana,450673,10264,394,9
2021-04-15,Louisiana,451476,10273,803,9
2021-04-16,Louisiana,451955,10282,479,9
2021-04-17,Louisiana,451955,10282,0,0
2021-04-18,Louisiana,451955,10282,0,0
2021-04-19,Louisiana,453351,10293,1396,11
2021-04-20,Louisiana,453711,10306,360,13
2021-04-21,Louisiana,454377,10316,666,10
2021-04-22,Louisiana,455000,10324,623,8
