date,state,total cases,total deaths,new cases,new deaths
2020-03-05,Maryland,3,0,3,0
2020-03-06,Maryland,3,0,0,0
2020-03-07,Maryland,3,0,0,0
2020-03-08,Maryland,5,0,2,0
2020-03-09,Maryland,6,0,1,0
2020-03-10,Maryland,9,0,3,0
2020-03-11,Maryland,13,0,4,0
2020-03-12,Maryland,13,0,0,0
2020-03-13,Maryland,18,0,5,0
2020-03-14,Maryland,27,0,9,0
2020-03-15,Maryland,32,0,5,0
2020-03-16,Maryland,39,0,7,0
2020-03-17,Maryland,57,0,18,0
2020-03-18,Maryland,85,1,28,1
2020-03-19,Maryland,108,1,23,0
2020-03-20,Maryland,150,2,42,1
2020-03-21,Maryland,195,3,45,1
2020-03-22,Maryland,245,3,50,0
2020-03-23,Maryland,290,3,45,0
2020-03-24,Maryland,349,4,59,1
2020-03-25,Maryland,423,4,74,0
2020-03-26,Maryland,581,4,158,0
2020-03-27,Maryland,790,5,209,1
2020-03-28,Maryland,1066,10,276,5
2020-03-29,Maryland,1244,11,178,1
2020-03-30,Maryland,1415,15,171,4
2020-03-31,Maryland,1662,18,247,3
2020-04-01,Maryland,1985,33,323,15
2020-04-02,Maryland,2331,36,346,3
2020-04-03,Maryland,2758,42,427,6
2020-04-04,Maryland,3125,54,367,12
2020-04-05,Maryland,3609,68,484,14
2020-04-06,Maryland,4045,92,436,24
2020-04-07,Maryland,4371,104,326,12
2020-04-08,Maryland,5529,124,1158,20
2020-04-09,Maryland,6185,139,656,15
2020-04-10,Maryland,6968,172,783,33
2020-04-11,Maryland,7694,207,726,35
2020-04-12,Maryland,8225,236,531,29
2020-04-13,Maryland,8936,262,711,26
2020-04-14,Maryland,9472,302,536,40
2020-04-15,Maryland,10096,413,624,111
2020-04-16,Maryland,10851,459,755,46
2020-04-17,Maryland,11641,494,790,35
2020-04-18,Maryland,12379,534,738,40
2020-04-19,Maryland,12892,548,513,14
2020-04-20,Maryland,13750,582,858,34
2020-04-21,Maryland,14261,652,511,70
2020-04-22,Maryland,14842,698,581,46
2020-04-23,Maryland,15805,748,963,50
2020-04-24,Maryland,16693,798,888,50
2020-04-25,Maryland,17844,875,1151,77
2020-04-26,Maryland,18664,910,820,35
2020-04-27,Maryland,19574,945,910,35
2020-04-28,Maryland,20200,1016,626,71
2020-04-29,Maryland,20942,1078,742,62
2020-04-30,Maryland,21825,1139,883,61
2020-05-01,Maryland,23566,1192,1741,53
2020-05-02,Maryland,24568,1251,1002,59
2020-05-03,Maryland,25561,1281,993,30
2020-05-04,Maryland,26509,1317,948,36
2020-05-05,Maryland,27217,1390,708,73
2020-05-06,Maryland,28263,1443,1046,53
2020-05-07,Maryland,29476,1503,1213,60
2020-05-08,Maryland,30592,1560,1116,57
2020-05-09,Maryland,31638,1614,1046,54
2020-05-10,Maryland,32693,1644,1055,30
2020-05-11,Maryland,33483,1683,790,39
2020-05-12,Maryland,34174,1756,691,73
2020-05-13,Maryland,34927,1809,753,53
2020-05-14,Maryland,36021,1866,1094,57
2020-05-15,Maryland,37105,1911,1084,45
2020-05-16,Maryland,38083,1957,978,46
2020-05-17,Maryland,38920,1992,837,35
2020-05-18,Maryland,39882,2023,962,31
2020-05-19,Maryland,41664,2081,1782,58
2020-05-20,Maryland,42442,2123,778,42
2020-05-21,Maryland,43645,2159,1203,36
2020-05-22,Maryland,44539,2207,894,48
2020-05-23,Maryland,45608,2243,1069,36
2020-05-24,Maryland,46919,2277,1311,34
2020-05-25,Maryland,47754,2302,835,25
2020-05-26,Maryland,48290,2333,536,31
2020-05-27,Maryland,49042,2392,752,59
2020-05-28,Maryland,50334,2428,1292,36
2020-05-29,Maryland,51631,2466,1297,38
2020-05-30,Maryland,52662,2509,1031,43
2020-05-31,Maryland,53456,2532,794,23
2020-06-01,Maryland,54035,2552,579,20
2020-06-02,Maryland,54831,2597,796,45
2020-06-03,Maryland,55617,2641,786,44
2020-06-04,Maryland,56490,2668,873,27
2020-06-05,Maryland,57407,2702,917,34
2020-06-06,Maryland,58099,2740,692,38
2020-06-07,Maryland,58593,2749,494,9
2020-06-08,Maryland,59024,2776,431,27
2020-06-09,Maryland,59543,2811,519,35
2020-06-10,Maryland,60114,2844,571,33
2020-06-11,Maryland,60823,2875,709,31
2020-06-12,Maryland,61262,2900,439,25
2020-06-13,Maryland,61935,2926,673,26
2020-06-14,Maryland,62328,2939,393,13
2020-06-15,Maryland,62653,2947,325,8
2020-06-16,Maryland,63004,2982,351,35
2020-06-17,Maryland,63565,2996,561,14
2020-06-18,Maryland,63839,3016,274,20
2020-06-19,Maryland,64150,3030,311,14
2020-06-20,Maryland,64565,3052,415,22
2020-06-21,Maryland,64903,3066,338,14
2020-06-22,Maryland,65202,3074,299,8
2020-06-23,Maryland,65602,3092,400,18
2020-06-24,Maryland,65934,3108,332,16
2020-06-25,Maryland,66397,3129,463,21
2020-06-26,Maryland,66704,3142,307,13
2020-06-27,Maryland,67032,3157,328,15
2020-06-28,Maryland,67360,3168,328,11
2020-06-29,Maryland,67837,3175,477,7
2020-06-30,Maryland,68152,3190,315,15
2020-07-01,Maryland,68502,3205,350,15
2020-07-02,Maryland,69015,3212,513,7
2020-07-03,Maryland,69422,3223,407,11
2020-07-04,Maryland,69724,3236,302,13
2020-07-05,Maryland,69957,3243,233,7
2020-07-06,Maryland,70497,3246,540,3
2020-07-07,Maryland,70986,3266,489,20
2020-07-08,Maryland,71455,3275,469,9
2020-07-09,Maryland,72037,3288,582,13
2020-07-10,Maryland,72503,3303,466,15
2020-07-11,Maryland,73060,3310,557,7
2020-07-12,Maryland,73705,3319,645,9
2020-07-13,Maryland,74124,3325,419,6
2020-07-14,Maryland,74836,3334,712,9
2020-07-15,Maryland,75576,3341,740,7
2020-07-16,Maryland,76237,3347,661,6
2020-07-17,Maryland,76941,3359,704,12
2020-07-18,Maryland,77773,3368,832,9
2020-07-19,Maryland,78698,3377,925,9
2020-07-20,Maryland,79251,3382,553,5
2020-07-21,Maryland,80111,3402,860,20
2020-07-22,Maryland,80738,3405,627,3
2020-07-23,Maryland,81396,3409,658,4
2020-07-24,Maryland,82326,3422,930,13
2020-07-25,Maryland,83617,3433,1291,11
2020-07-26,Maryland,84306,3440,689,7
2020-07-27,Maryland,85436,3447,1130,7
2020-07-28,Maryland,86091,3458,655,11
2020-07-29,Maryland,86846,3478,755,20
2020-07-30,Maryland,87740,3488,894,10
2020-07-31,Maryland,88907,3493,1167,5
2020-08-01,Maryland,89925,3506,1018,13
2020-08-02,Maryland,90835,3515,910,9
2020-08-03,Maryland,91705,3523,870,8
2020-08-04,Maryland,92416,3530,711,7
2020-08-05,Maryland,93000,3536,584,6
2020-08-06,Maryland,93598,3551,598,15
2020-08-07,Maryland,94395,3565,797,14
2020-08-08,Maryland,95157,3577,762,12
2020-08-09,Maryland,96065,3585,908,8
2020-08-10,Maryland,96821,3591,756,6
2020-08-11,Maryland,97403,3604,582,13
2020-08-12,Maryland,97959,3612,556,8
2020-08-13,Maryland,98728,3620,769,8
2020-08-14,Maryland,99430,3631,702,11
2020-08-15,Maryland,100237,3636,807,5
2020-08-16,Maryland,100772,3639,535,3
2020-08-17,Maryland,101276,3641,504,2
2020-08-18,Maryland,101780,3650,504,9
2020-08-19,Maryland,102215,3661,435,11
2020-08-20,Maryland,102783,3669,568,8
2020-08-21,Maryland,103461,3674,678,5
2020-08-22,Maryland,104040,3685,579,11
2020-08-23,Maryland,104618,3691,578,6
2020-08-24,Maryland,105168,3694,550,3
2020-08-25,Maryland,105554,3707,386,13
2020-08-26,Maryland,105996,3717,442,10
2020-08-27,Maryland,106558,3722,562,5
2020-08-28,Maryland,107146,3736,588,14
2020-08-29,Maryland,107790,3746,644,10
2020-08-30,Maryland,108286,3752,496,6
2020-08-31,Maryland,108742,3755,456,3
2020-09-01,Maryland,109353,3761,611,6
2020-09-02,Maryland,109808,3766,455,5
2020-09-03,Maryland,110504,3778,696,12
2020-09-04,Maryland,111332,3789,828,11
2020-09-05,Maryland,112104,3796,772,7
2020-09-06,Maryland,112557,3799,453,3
2020-09-07,Maryland,113378,3804,821,5
2020-09-08,Maryland,113734,3807,356,3
2020-09-09,Maryland,114070,3816,336,9
2020-09-10,Maryland,114574,3824,504,8
2020-09-11,Maryland,115217,3828,643,4
2020-09-12,Maryland,115876,3836,659,8
2020-09-13,Maryland,116600,3838,724,2
2020-09-14,Maryland,117147,3839,547,1
2020-09-15,Maryland,117745,3849,598,10
2020-09-16,Maryland,118387,3855,642,6
2020-09-17,Maryland,119017,3861,630,6
2020-09-18,Maryland,119559,3869,542,8
2020-09-19,Maryland,120107,3876,548,7
2020-09-20,Maryland,120656,3879,549,3
2020-09-21,Maryland,121068,3883,412,4
2020-09-22,Maryland,121409,3895,341,12
2020-09-23,Maryland,121793,3902,384,7
2020-09-24,Maryland,122293,3909,500,7
2020-09-25,Maryland,122850,3917,557,8
2020-09-26,Maryland,123328,3925,478,8
2020-09-27,Maryland,123895,3935,567,10
2020-09-28,Maryland,124371,3938,476,3
2020-09-29,Maryland,124805,3946,434,8
2020-09-30,Maryland,125217,3949,412,3
2020-10-01,Maryland,125997,3949,780,0
2020-10-02,Maryland,126711,3950,714,1
2020-10-03,Maryland,127194,3957,483,7
2020-10-04,Maryland,127785,3958,591,1
2020-10-05,Maryland,128277,3961,492,3
2020-10-06,Maryland,128691,3967,414,6
2020-10-07,Maryland,129158,3973,467,6
2020-10-08,Maryland,129919,3979,761,6
2020-10-09,Maryland,130652,3990,733,11
2020-10-10,Maryland,131169,3995,517,5
2020-10-11,Maryland,131853,3999,684,4
2020-10-12,Maryland,132357,4003,504,4
2020-10-13,Maryland,132839,4012,482,9
2020-10-14,Maryland,133413,4022,574,10
2020-10-15,Maryland,134042,4028,629,6
2020-10-16,Maryland,134822,4032,780,4
2020-10-17,Maryland,135463,4036,641,4
2020-10-18,Maryland,136149,4037,686,1
2020-10-19,Maryland,136643,4041,494,4
2020-10-20,Maryland,137229,4050,586,9
2020-10-21,Maryland,137720,4058,491,8
2020-10-22,Maryland,138473,4070,753,12
2020-10-23,Maryland,139185,4078,712,8
2020-10-24,Maryland,139859,4091,674,13
2020-10-25,Maryland,140770,4096,911,5
2020-10-26,Maryland,141334,4099,564,3
2020-10-27,Maryland,142237,4108,903,9
2020-10-28,Maryland,142918,4115,681,7
2020-10-29,Maryland,143875,4127,957,12
2020-10-30,Maryland,144800,4137,925,10
2020-10-31,Maryland,145593,4147,793,10
2020-11-01,Maryland,146627,4152,1034,5
2020-11-02,Maryland,147477,4155,850,3
2020-11-03,Maryland,148249,4162,772,7
2020-11-04,Maryland,149232,4172,983,10
2020-11-05,Maryland,150424,4182,1192,10
2020-11-06,Maryland,151964,4194,1540,12
2020-11-07,Maryland,153198,4201,1234,7
2020-11-08,Maryland,154451,4212,1253,11
2020-11-09,Maryland,155824,4221,1373,9
2020-11-10,Maryland,157149,4233,1325,12
2020-11-11,Maryland,158836,4249,1687,16
2020-11-12,Maryland,160311,4261,1475,12
2020-11-13,Maryland,162181,4273,1870,12
2020-11-14,Maryland,164239,4293,2058,20
2020-11-15,Maryland,166317,4302,2078,9
2020-11-16,Maryland,168041,4309,1724,7
2020-11-17,Maryland,170193,4335,2152,26
2020-11-18,Maryland,172204,4351,2011,16
2020-11-19,Maryland,175092,4372,2888,21
2020-11-20,Maryland,177239,4398,2147,26
2020-11-21,Maryland,180125,4415,2886,17
2020-11-22,Maryland,182482,4434,2357,19
2020-11-23,Maryland,184140,4448,1658,14
2020-11-24,Maryland,185812,4481,1672,33
2020-11-25,Maryland,188509,4518,2697,37
2020-11-26,Maryland,190635,4547,2126,29
2020-11-27,Maryland,193205,4569,2570,22
2020-11-28,Maryland,194603,4602,1398,33
2020-11-29,Maryland,196727,4625,2124,23
2020-11-30,Maryland,198710,4641,1983,16
2020-12-01,Maryland,201479,4673,2769,32
2020-12-02,Maryland,203672,4715,2193,42
2020-12-03,Maryland,205716,4764,2044,49
2020-12-04,Maryland,209512,4790,3796,26
2020-12-05,Maryland,212545,4820,3033,30
2020-12-06,Maryland,215348,4846,2803,26
2020-12-07,Maryland,217647,4865,2299,19
2020-12-08,Maryland,220279,4916,2632,51
2020-12-09,Maryland,222971,4962,2692,46
2020-12-10,Maryland,226173,5012,3202,50
2020-12-11,Maryland,228792,5064,2619,52
2020-12-12,Maryland,232172,5100,3380,36
2020-12-13,Maryland,234975,5117,2803,17
2020-12-14,Maryland,237215,5142,2240,25
2020-12-15,Maryland,239694,5206,2479,64
2020-12-16,Maryland,242057,5270,2363,64
2020-12-17,Maryland,244247,5319,2190,49
2020-12-18,Maryland,246816,5358,2569,39
2020-12-19,Maryland,248924,5412,2108,54
2020-12-20,Maryland,251069,5448,2145,36
2020-12-21,Maryland,253345,5471,2276,23
2020-12-22,Maryland,255666,5519,2321,48
2020-12-23,Maryland,258129,5568,2463,49
2020-12-24,Maryland,260994,5627,2865,59
2020-12-25,Maryland,263326,5659,2332,32
2020-12-26,Maryland,265606,5680,2280,21
2020-12-27,Maryland,267455,5712,1849,32
2020-12-28,Maryland,269442,5740,1987,28
2020-12-29,Maryland,271267,5803,1825,63
2020-12-30,Maryland,273881,5848,2614,45
2020-12-31,Maryland,276834,5895,2953,47
2021-01-01,Maryland,280387,5942,3553,47
2021-01-02,Maryland,283339,5967,2952,25
2021-01-03,Maryland,285487,5994,2148,27
2021-01-04,Maryland,287970,6027,2483,33
2021-01-05,Maryland,289927,6082,1957,55
2021-01-06,Maryland,293079,6132,3152,50
2021-01-07,Maryland,296049,6173,2970,41
2021-01-08,Maryland,299781,6216,3732,43
2021-01-09,Maryland,303535,6246,3754,30
2021-01-10,Maryland,306853,6272,3318,26
2021-01-11,Maryland,309874,6301,3021,29
2021-01-12,Maryland,312534,6367,2660,66
2021-01-13,Maryland,315055,6404,2521,37
2021-01-14,Maryland,318002,6449,2947,45
2021-01-15,Maryland,320923,6494,2921,45
2021-01-16,Maryland,324203,6541,3280,47
2021-01-17,Maryland,326648,6567,2445,26
2021-01-18,Maryland,328417,6596,1769,29
2021-01-19,Maryland,330390,6650,1973,54
2021-01-20,Maryland,332558,6689,2168,39
2021-01-21,Maryland,334725,6735,2167,46
2021-01-22,Maryland,337129,6792,2404,57
2021-01-23,Maryland,339482,6837,2353,45
2021-01-24,Maryland,341666,6865,2184,28
2021-01-25,Maryland,343353,6900,1687,35
2021-01-26,Maryland,344839,6963,1486,63
2021-01-27,Maryland,346734,6996,1895,33
2021-01-28,Maryland,348925,7037,2191,41
2021-01-29,Maryland,350805,7076,1880,39
2021-01-30,Maryland,352902,7107,2097,31
2021-01-31,Maryland,354649,7127,1747,20
2021-02-01,Maryland,355812,7154,1163,27
2021-02-02,Maryland,356717,7188,905,34
2021-02-03,Maryland,357660,7220,943,32
2021-02-04,Maryland,359214,7251,1554,31
2021-02-05,Maryland,360762,7287,1548,36
2021-02-06,Maryland,362263,7329,1501,42
2021-02-07,Maryland,363829,7349,1566,20
2021-02-08,Maryland,364732,7372,903,23
2021-02-09,Maryland,365708,7413,976,41
2021-02-10,Maryland,366845,7446,1137,33
2021-02-11,Maryland,368044,7467,1199,21
2021-02-12,Maryland,369156,7503,1112,36
2021-02-13,Maryland,370316,7536,1160,33
2021-02-14,Maryland,371163,7554,847,18
2021-02-15,Maryland,371885,7580,722,26
2021-02-16,Maryland,372403,7612,518,32
2021-02-17,Maryland,373161,7630,758,18
2021-02-18,Maryland,374148,7661,987,31
2021-02-19,Maryland,375156,7677,1008,16
2021-02-20,Maryland,375919,7697,763,20
2021-02-21,Maryland,376537,7715,618,18
2021-02-22,Maryland,377148,7732,611,17
2021-02-23,Maryland,377810,7762,662,30
2021-02-24,Maryland,378672,7789,862,27
2021-02-25,Maryland,379648,7805,976,16
2021-02-26,Maryland,380618,7838,970,33
2021-02-27,Maryland,381454,7856,836,18
2021-02-28,Maryland,382281,7869,827,13
2021-03-01,Maryland,382884,7879,603,10
2021-03-02,Maryland,383352,7905,468,26
2021-03-03,Maryland,384138,7919,786,14
2021-03-04,Maryland,384947,7922,809,3
2021-03-05,Maryland,385860,7930,913,8
2021-03-06,Maryland,386792,7941,932,11
2021-03-07,Maryland,387501,7955,709,14
2021-03-08,Maryland,388217,7963,716,8
2021-03-09,Maryland,388848,7988,631,25
2021-03-10,Maryland,389748,8002,900,14
2021-03-11,Maryland,390672,8014,924,12
2021-03-12,Maryland,391662,8030,990,16
2021-03-13,Maryland,392763,8038,1101,8
2021-03-14,Maryland,393623,8048,860,10
2021-03-15,Maryland,394240,8055,617,7
2021-03-16,Maryland,394900,8080,660,25
2021-03-17,Maryland,395817,8099,917,19
2021-03-18,Maryland,396930,8113,1113,14
2021-03-19,Maryland,398083,8132,1153,19
2021-03-20,Maryland,399201,8158,1118,26
2021-03-21,Maryland,400208,8170,1007,12
2021-03-22,Maryland,400890,8184,682,14
2021-03-23,Maryland,401612,8195,722,11
2021-03-24,Maryland,402785,8214,1173,19
2021-03-25,Maryland,404167,8217,1382,3
2021-03-26,Maryland,405528,8232,1361,15
2021-03-27,Maryland,406894,8246,1366,14
2021-03-28,Maryland,408229,8251,1335,5
2021-03-29,Maryland,409260,8260,1031,9
2021-03-30,Maryland,410163,8273,903,13
2021-03-31,Maryland,411529,8286,1366,13
2021-04-01,Maryland,413113,8303,1584,17
2021-04-02,Maryland,414570,8319,1457,16
2021-04-03,Maryland,415845,8342,1275,23
2021-04-04,Maryland,417514,8350,1669,8
2021-04-05,Maryland,418374,8363,860,13
2021-04-06,Maryland,419241,8378,867,15
2021-04-07,Maryland,420712,8389,1471,11
2021-04-08,Maryland,422009,8410,1297,21
2021-04-09,Maryland,423849,8424,1840,14
2021-04-10,Maryland,425433,8444,1584,20
2021-04-11,Maryland,426916,8455,1483,11
2021-04-12,Maryland,427901,8470,985,15
2021-04-13,Maryland,428985,8484,1084,14
2021-04-14,Maryland,430537,8493,1552,9
2021-04-15,Maryland,431981,8512,1444,19
2021-04-16,Maryland,433545,8528,1564,16
2021-04-17,Maryland,435045,8545,1500,17
2021-04-18,Maryland,436214,8562,1169,17
2021-04-19,Maryland,436846,8574,632,12
2021-04-20,Maryland,437770,8592,924,18
2021-04-21,Maryland,438975,8605,1205,13
2021-04-22,Maryland,440178,8625,1203,20
2021-04-23,Maryland,441341,8633,1163,8
2021-04-24,Maryland,442537,8648,1196,15
2021-04-25,Maryland,443443,8661,906,13
2021-04-26,Maryland,444001,8670,558,9
2021-04-27,Maryland,444678,8688,677,18
2021-04-28,Maryland,445681,8709,1003,21
2021-04-29,Maryland,446647,8718,966,9
2021-04-30,Maryland,447590,8744,943,26
2021-05-01,Maryland,448529,8764,939,20
2021-05-02,Maryland,449180,8776,651,12
2021-05-03,Maryland,449701,8797,521,21
2021-05-04,Maryland,450201,8803,500,6
2021-05-05,Maryland,450880,8813,679,10
2021-05-06,Maryland,451458,8822,578,9
2021-05-07,Maryland,452226,8833,768,11
2021-05-08,Maryland,452882,8843,656,10
2021-05-09,Maryland,453316,8851,434,8
2021-05-10,Maryland,453592,8861,276,10
2021-05-11,Maryland,453992,8870,400,9
2021-05-12,Maryland,454463,8879,471,9
2021-05-13,Maryland,454937,8896,474,17
2021-05-14,Maryland,455449,8908,512,12
2021-05-15,Maryland,455827,8925,378,17
2021-05-16,Maryland,456196,8929,369,4
2021-05-17,Maryland,456408,8932,212,3
2021-05-18,Maryland,456619,8945,211,13
2021-05-19,Maryland,456956,8957,337,12
2021-05-20,Maryland,457275,8959,319,2
2021-05-21,Maryland,457718,8973,443,14
2021-05-22,Maryland,458239,8990,521,17
2021-05-23,Maryland,458483,9007,244,17
2021-05-24,Maryland,458711,9022,228,15
2021-05-25,Maryland,458871,9029,160,7
2021-05-26,Maryland,459069,9037,198,8
2021-05-27,Maryland,459308,9581,239,544
2021-05-28,Maryland,459555,9592,247,11
2021-05-29,Maryland,459740,9599,185,7
2021-05-30,Maryland,459989,9607,249,8
2021-05-31,Maryland,460106,9614,117,7
2021-06-01,Maryland,460207,9616,101,2
