date,state,total cases,total deaths,new cases,new deaths
2020-03-10,Michigan,2,0,2,0
2020-03-11,Michigan,2,0,0,0
2020-03-12,Michigan,12,0,10,0
2020-03-13,Michigan,25,0,13,0
2020-03-14,Michigan,33,0,8,0
2020-03-15,Michigan,53,0,20,0
2020-03-16,Michigan,54,0,1,0
2020-03-17,Michigan,65,0,11,0
2020-03-18,Michigan,80,1,15,1
2020-03-19,Michigan,334,3,254,2
2020-03-20,Michigan,548,4,214,1
2020-03-21,Michigan,787,6,239,2
2020-03-22,Michigan,1033,9,246,3
2020-03-23,Michigan,1324,16,291,7
2020-03-24,Michigan,1791,24,467,8
2020-03-25,Michigan,2293,43,502,19
2020-03-26,Michigan,2877,63,584,20
2020-03-27,Michigan,3655,93,778,30
2020-03-28,Michigan,4634,112,979,19
2020-03-29,Michigan,5486,132,852,20
2020-03-30,Michigan,6508,197,1022,65
2020-03-31,Michigan,7629,264,1121,67
2020-04-01,Michigan,9292,336,1663,72
2020-04-02,Michigan,10791,417,1499,81
2020-04-03,Michigan,12669,478,1878,61
2020-04-04,Michigan,14225,541,1556,63
2020-04-05,Michigan,15633,617,1408,76
2020-04-06,Michigan,17129,727,1496,110
2020-04-07,Michigan,18851,845,1722,118
2020-04-08,Michigan,20220,959,1369,114
2020-04-09,Michigan,21375,1076,1155,117
2020-04-10,Michigan,22646,1280,1271,204
2020-04-11,Michigan,23855,1395,1209,115
2020-04-12,Michigan,24496,1488,641,93
2020-04-13,Michigan,25490,1603,994,115
2020-04-14,Michigan,26845,1767,1355,164
2020-04-15,Michigan,27894,1920,1049,153
2020-04-16,Michigan,29120,2092,1226,172
2020-04-17,Michigan,29954,2227,834,135
2020-04-18,Michigan,30718,2307,764,80
2020-04-19,Michigan,31349,2389,631,82
2020-04-20,Michigan,31929,2466,580,77
2020-04-21,Michigan,32936,2698,1007,232
2020-04-22,Michigan,33973,2813,1037,115
2020-04-23,Michigan,35253,2977,1280,164
2020-04-24,Michigan,36628,3084,1375,107
2020-04-25,Michigan,37302,3273,674,189
2020-04-26,Michigan,38003,3314,701,41
2020-04-27,Michigan,38457,3406,454,92
2020-04-28,Michigan,39469,3566,1012,160
2020-04-29,Michigan,40443,3670,974,104
2020-04-30,Michigan,41348,3788,905,118
2020-05-01,Michigan,42348,3866,1000,78
2020-05-02,Michigan,43191,4020,843,154
2020-05-03,Michigan,43803,4049,612,29
2020-05-04,Michigan,43996,4135,193,86
2020-05-05,Michigan,44391,4179,395,44
2020-05-06,Michigan,45079,4250,688,71
2020-05-07,Michigan,45643,4343,564,93
2020-05-08,Michigan,46319,4393,676,50
2020-05-09,Michigan,46735,4526,416,133
2020-05-10,Michigan,47116,4551,381,25
2020-05-11,Michigan,47526,4584,410,33
2020-05-12,Michigan,47946,4674,420,90
2020-05-13,Michigan,48307,4714,361,40
2020-05-14,Michigan,49489,4787,1182,73
2020-05-15,Michigan,49982,4825,493,38
2020-05-16,Michigan,50416,4880,434,55
2020-05-17,Michigan,51054,4891,638,11
2020-05-18,Michigan,51853,4915,799,24
2020-05-19,Michigan,52337,5017,484,102
2020-05-20,Michigan,52988,5060,651,43
2020-05-21,Michigan,53468,5129,480,69
2020-05-22,Michigan,53865,5158,397,29
2020-05-23,Michigan,54304,5223,439,65
2020-05-24,Michigan,54616,5228,312,5
2020-05-25,Michigan,54816,5240,200,12
2020-05-26,Michigan,55040,5266,224,26
2020-05-27,Michigan,55544,5334,504,68
2020-05-28,Michigan,55944,5372,400,38
2020-05-29,Michigan,56589,5406,645,34
2020-05-30,Michigan,56848,5463,259,57
2020-05-31,Michigan,57355,5491,507,28
2020-06-01,Michigan,58435,5525,1080,34
2020-06-02,Michigan,58680,5562,245,37
2020-06-03,Michigan,58990,5579,310,17
2020-06-04,Michigan,59215,5604,225,25
2020-06-05,Michigan,63744,5854,4529,250
2020-06-06,Michigan,64196,5894,452,40
2020-06-07,Michigan,64615,5898,419,4
2020-06-08,Michigan,64911,5916,296,18
2020-06-09,Michigan,65190,5946,279,30
2020-06-10,Michigan,65377,5958,187,12
2020-06-11,Michigan,65627,5985,250,27
2020-06-12,Michigan,65881,5994,254,9
2020-06-13,Michigan,66024,6017,143,23
2020-06-14,Michigan,66246,6020,222,3
2020-06-15,Michigan,66302,6025,56,5
2020-06-16,Michigan,66466,6039,164,14
2020-06-17,Michigan,66694,6041,228,2
2020-06-18,Michigan,66980,6064,286,23
2020-06-19,Michigan,67300,6071,320,7
2020-06-20,Michigan,67721,6091,421,20
2020-06-21,Michigan,67873,6094,152,3
2020-06-22,Michigan,68144,6101,271,7
2020-06-23,Michigan,68373,6113,229,12
2020-06-24,Michigan,68711,6118,338,5
2020-06-25,Michigan,69159,6137,448,19
2020-06-26,Michigan,69473,6138,314,1
2020-06-27,Michigan,69802,6157,329,19
2020-06-28,Michigan,70042,6161,240,4
2020-06-29,Michigan,70356,6165,314,4
2020-06-30,Michigan,70850,6197,494,32
2020-07-01,Michigan,71279,6202,429,5
2020-07-02,Michigan,71853,6216,574,14
2020-07-03,Michigan,72306,6219,453,3
2020-07-04,Michigan,72702,6222,396,3
2020-07-05,Michigan,73027,6222,325,0
2020-07-06,Michigan,73403,6225,376,3
2020-07-07,Michigan,74011,6256,608,31
2020-07-08,Michigan,74660,6266,649,10
2020-07-09,Michigan,75247,6275,587,9
2020-07-10,Michigan,75871,6288,624,13
2020-07-11,Michigan,76499,6316,628,28
2020-07-12,Michigan,76936,6317,437,1
2020-07-13,Michigan,77354,6324,418,7
2020-07-14,Michigan,78045,6330,691,6
2020-07-15,Michigan,79081,6333,1036,3
2020-07-16,Michigan,79977,6351,896,18
2020-07-17,Michigan,80752,6358,775,7
2020-07-18,Michigan,81384,6367,632,9
2020-07-19,Michigan,81935,6369,551,2
2020-07-20,Michigan,82486,6377,551,8
2020-07-21,Michigan,83184,6385,698,8
2020-07-22,Michigan,83891,6391,707,6
2020-07-23,Michigan,84585,6397,694,6
2020-07-24,Michigan,85238,6402,653,5
2020-07-25,Michigan,85665,6402,427,0
2020-07-26,Michigan,86750,6402,1085,0
2020-07-27,Michigan,87329,6407,579,5
2020-07-28,Michigan,88025,6426,696,19
2020-07-29,Michigan,89026,6426,1001,0
2020-07-30,Michigan,89926,6446,900,20
2020-07-31,Michigan,90752,6453,826,7
2020-08-01,Michigan,91450,6460,698,7
2020-08-02,Michigan,91857,6460,407,0
2020-08-03,Michigan,92503,6470,646,10
2020-08-04,Michigan,93293,6474,790,4
2020-08-05,Michigan,94045,6480,752,6
2020-08-06,Michigan,94819,6508,774,28
2020-08-07,Michigan,95632,6527,813,19
2020-08-08,Michigan,96328,6521,696,0
2020-08-09,Michigan,96835,6520,507,0
2020-08-10,Michigan,97472,6527,637,7
2020-08-11,Michigan,98361,6534,889,7
2020-08-12,Michigan,98825,6541,464,7
2020-08-13,Michigan,99963,6556,1138,15
2020-08-14,Michigan,100813,6567,850,11
2020-08-15,Michigan,101831,6586,1018,19
2020-08-16,Michigan,102323,6592,492,6
2020-08-17,Michigan,102872,6592,549,0
2020-08-18,Michigan,103527,6607,655,15
2020-08-19,Michigan,104235,6619,708,12
2020-08-20,Michigan,104771,6636,536,17
2020-08-21,Michigan,104829,6637,58,1
2020-08-22,Michigan,106141,6657,1312,20
2020-08-23,Michigan,106875,6661,734,4
2020-08-24,Michigan,107816,6665,941,4
2020-08-25,Michigan,108742,6687,926,22
2020-08-26,Michigan,109645,6692,903,5
2020-08-27,Michigan,110491,6708,846,16
2020-08-28,Michigan,111303,6714,812,6
2020-08-29,Michigan,112104,6747,801,33
2020-08-30,Michigan,112598,6750,494,3
2020-08-31,Michigan,113163,6756,565,6
2020-09-01,Michigan,113969,6770,806,14
2020-09-02,Michigan,114603,6783,634,13
2020-09-03,Michigan,115393,6794,790,11
2020-09-04,Michigan,116470,6802,1077,8
2020-09-05,Michigan,117267,6809,797,7
2020-09-06,Michigan,117310,6809,43,0
2020-09-07,Michigan,118388,6813,1078,4
2020-09-08,Michigan,118984,6814,596,1
2020-09-09,Michigan,119952,6889,968,75
2020-09-10,Michigan,120896,6894,944,5
2020-09-11,Michigan,122319,6900,1423,6
2020-09-12,Michigan,123048,6912,729,12
2020-09-13,Michigan,123075,6912,27,0
2020-09-14,Michigan,124276,6922,1201,10
2020-09-15,Michigan,124978,6933,702,11
2020-09-16,Michigan,125782,6944,804,11
2020-09-17,Michigan,126794,6956,1012,12
2020-09-18,Michigan,127558,6955,764,0
2020-09-19,Michigan,128112,6970,554,15
2020-09-20,Michigan,128148,6971,36,1
2020-09-21,Michigan,129655,6982,1507,11
2020-09-22,Michigan,130406,6998,751,16
2020-09-23,Michigan,131292,7013,886,15
2020-09-24,Michigan,132400,7020,1108,7
2020-09-25,Michigan,133443,7028,1043,8
2020-09-26,Michigan,134372,7044,929,16
2020-09-27,Michigan,134409,7044,37,0
2020-09-28,Michigan,135782,7052,1373,8
2020-09-29,Michigan,136899,7073,1117,21
2020-09-30,Michigan,138074,7084,1175,11
2020-10-01,Michigan,139064,7103,990,19
2020-10-02,Michigan,140057,7110,993,7
2020-10-03,Michigan,141236,7125,1179,15
2020-10-04,Michigan,141287,7125,51,0
2020-10-05,Michigan,142757,7141,1470,16
2020-10-06,Michigan,143901,7163,1144,22
2020-10-07,Michigan,145131,7171,1230,8
2020-10-08,Michigan,146548,7194,1417,23
2020-10-09,Michigan,147880,7202,1332,8
2020-10-10,Michigan,149406,7221,1526,19
2020-10-11,Michigan,149448,7221,42,0
2020-10-12,Michigan,151284,7227,1836,6
2020-10-13,Michigan,152842,7257,1558,30
2020-10-14,Michigan,154409,7270,1567,13
2020-10-15,Michigan,156926,7304,2517,34
2020-10-16,Michigan,159144,7320,2218,16
2020-10-17,Michigan,159259,7323,115,3
2020-10-18,Michigan,159337,7323,78,0
2020-10-19,Michigan,164055,7364,4718,41
2020-10-20,Michigan,165949,7386,1894,22
2020-10-21,Michigan,167857,7420,1908,34
2020-10-22,Michigan,170102,7465,2245,45
2020-10-23,Michigan,172128,7485,2026,20
2020-10-24,Michigan,175385,7522,3257,37
2020-10-25,Michigan,175515,7522,130,0
2020-10-26,Michigan,179624,7551,4109,29
2020-10-27,Michigan,182284,7585,2660,34
2020-10-28,Michigan,185818,7606,3534,21
2020-10-29,Michigan,189926,7651,4108,45
2020-10-30,Michigan,193360,7664,3434,13
2020-10-31,Michigan,197164,7699,3804,35
2020-11-01,Michigan,197501,7700,337,1
2020-11-02,Michigan,204135,7716,6634,16
2020-11-03,Michigan,207799,7758,3664,42
2020-11-04,Michigan,212126,7783,4327,25
2020-11-05,Michigan,218136,7833,6010,50
2020-11-06,Michigan,222423,7883,4287,50
2020-11-07,Michigan,228706,7943,6283,60
2020-11-08,Michigan,229085,7944,379,1
2020-11-09,Michigan,238136,8008,9051,64
2020-11-10,Michigan,245005,8095,6869,87
2020-11-11,Michigan,251499,8137,6494,42
2020-11-12,Michigan,258973,8187,7474,50
2020-11-13,Michigan,268072,8312,9099,125
2020-11-14,Michigan,275393,8375,7321,63
2020-11-15,Michigan,275892,8378,499,3
2020-11-16,Michigan,288543,8437,12651,59
2020-11-17,Michigan,296436,8513,7893,76
2020-11-18,Michigan,302541,8576,6105,63
2020-11-19,Michigan,310396,8717,7855,141
2020-11-20,Michigan,320621,8776,10225,59
2020-11-21,Michigan,328178,8874,7557,98
2020-11-22,Michigan,328833,8874,655,0
2020-11-23,Michigan,340223,8937,11390,63
2020-11-24,Michigan,346926,9094,6703,157
2020-11-25,Michigan,351831,9168,4905,74
2020-11-26,Michigan,352121,9169,290,1
2020-11-27,Michigan,368890,9352,16769,183
2020-11-28,Michigan,377209,9461,8319,109
2020-11-29,Michigan,377526,9461,317,0
2020-11-30,Michigan,388102,9565,10576,104
2020-12-01,Michigan,394554,9758,6452,193
2020-12-02,Michigan,401953,9839,7399,81
2020-12-03,Michigan,410052,10031,8099,192
2020-12-04,Michigan,419370,10113,9318,82
2020-12-05,Michigan,425496,10313,6126,200
2020-12-06,Michigan,425844,10313,348,0
2020-12-07,Michigan,435461,10415,9617,102
2020-12-08,Michigan,442126,10620,6665,205
2020-12-09,Michigan,447434,10699,5308,79
2020-12-10,Michigan,453792,10895,6358,196
2020-12-11,Michigan,459398,10961,5606,66
2020-12-12,Michigan,463961,11186,4563,225
2020-12-13,Michigan,464199,11186,238,0
2020-12-14,Michigan,471738,11282,7539,96
2020-12-15,Michigan,477174,11488,5436,206
2020-12-16,Michigan,481772,11582,4598,94
2020-12-17,Michigan,486375,11793,4603,211
2020-12-18,Michigan,490881,11861,4506,68
2020-12-19,Michigan,494847,12066,3966,205
2020-12-20,Michigan,495023,12066,176,0
2020-12-21,Michigan,499988,12146,4965,80
2020-12-22,Michigan,503497,12333,3509,187
2020-12-23,Michigan,507291,12405,3794,72
2020-12-24,Michigan,507545,12406,254,1
2020-12-25,Michigan,507687,12406,142,0
2020-12-26,Michigan,515022,12680,7335,274
2020-12-27,Michigan,515114,12680,92,0
2020-12-28,Michigan,518788,12744,3674,64
2020-12-29,Michigan,522563,12956,3775,212
2020-12-30,Michigan,526401,13008,3838,52
2020-12-31,Michigan,526668,13010,267,2
2021-01-01,Michigan,526845,13011,177,1
2021-01-02,Michigan,535355,13296,8510,285
2021-01-03,Michigan,535582,13296,227,0
2021-01-04,Michigan,541158,13381,5576,85
2021-01-05,Michigan,544276,13598,3118,217
2021-01-06,Michigan,548875,13657,4599,59
2021-01-07,Michigan,553222,13863,4347,206
2021-01-08,Michigan,557079,13903,3857,40
2021-01-09,Michigan,559830,14134,2751,231
2021-01-10,Michigan,559886,14134,56,0
2021-01-11,Michigan,565231,14183,5345,49
2021-01-12,Michigan,567901,14286,2670,103
2021-01-13,Michigan,571014,14325,3113,39
2021-01-14,Michigan,574675,14500,3661,175
2021-01-15,Michigan,577657,14539,2982,39
2021-01-16,Michigan,579669,14658,2012,119
2021-01-17,Michigan,579767,14658,98,0
2021-01-18,Michigan,583202,14677,3435,19
2021-01-19,Michigan,585548,14724,2346,47
2021-01-20,Michigan,587963,14759,2415,35
2021-01-21,Michigan,590546,14922,2583,163
2021-01-22,Michigan,593068,14940,2522,18
2021-01-23,Michigan,594666,15170,1598,230
2021-01-24,Michigan,594700,15170,34,0
2021-01-25,Michigan,597781,15208,3081,38
2021-01-26,Michigan,600175,15294,2394,86
2021-01-27,Michigan,602207,15303,2032,9
2021-01-28,Michigan,604458,15393,2251,90
2021-01-29,Michigan,606480,15401,2022,8
2021-01-30,Michigan,607833,15516,1353,115
2021-01-31,Michigan,607901,15516,68,0
2021-02-01,Michigan,610524,15527,2623,11
2021-02-02,Michigan,611976,15599,1452,72
2021-02-03,Michigan,613637,15633,1661,34
2021-02-04,Michigan,616705,15714,3068,81
2021-02-05,Michigan,618398,15739,1693,25
2021-02-06,Michigan,619463,15843,1065,104
2021-02-07,Michigan,619515,15843,52,0
2021-02-08,Michigan,621737,15854,2222,11
2021-02-09,Michigan,622586,15914,849,60
2021-02-10,Michigan,623920,15929,1334,15
2021-02-11,Michigan,625389,16009,1469,80
2021-02-12,Michigan,626793,16018,1404,9
2021-02-13,Michigan,628145,16108,1352,90
2021-02-14,Michigan,628199,16108,54,0
2021-02-15,Michigan,629490,16119,1291,11
2021-02-16,Michigan,630605,16138,1115,19
2021-02-17,Michigan,631932,16151,1327,13
2021-02-18,Michigan,633131,16243,1199,92
2021-02-19,Michigan,634539,16265,1408,22
2021-02-20,Michigan,635359,16332,820,67
2021-02-21,Michigan,635369,16332,10,0
2021-02-22,Michigan,637100,16334,1731,2
2021-02-23,Michigan,638824,16371,1724,37
2021-02-24,Michigan,640353,16380,1529,9
2021-02-25,Michigan,641925,16428,1572,48
2021-02-26,Michigan,643197,16429,1272,1
2021-02-27,Michigan,644528,16498,1331,69
2021-02-28,Michigan,644564,16498,36,0
2021-03-01,Michigan,646502,16509,1938,11
2021-03-02,Michigan,648119,16534,1617,25
2021-03-03,Michigan,649908,16541,1789,7
2021-03-04,Michigan,651685,16580,1777,39
2021-03-05,Michigan,653447,16591,1762,11
2021-03-06,Michigan,655016,16647,1569,56
2021-03-07,Michigan,655075,16647,59,0
2021-03-08,Michigan,657365,16652,2290,5
2021-03-09,Michigan,658967,16683,1602,31
2021-03-10,Michigan,661607,16690,2640,7
2021-03-11,Michigan,664079,16712,2472,22
2021-03-12,Michigan,666844,16720,2765,8
2021-03-13,Michigan,668771,16759,1927,39
2021-03-14,Michigan,668859,16759,88,0
2021-03-15,Michigan,672687,16770,3828,11
2021-03-16,Michigan,675483,16796,2796,26
2021-03-17,Michigan,679274,16800,3791,4
2021-03-18,Michigan,682322,16835,3048,35
2021-03-19,Michigan,686584,16848,4262,13
2021-03-20,Michigan,689933,16897,3349,49
2021-03-21,Michigan,690090,16897,157,0
2021-03-22,Michigan,695763,16904,5673,7
2021-03-23,Michigan,700292,16923,4529,19
2021-03-24,Michigan,705335,16940,5043,17
2021-03-25,Michigan,711126,16994,5791,54
2021-03-26,Michigan,717104,17015,5978,21
2021-03-27,Michigan,722160,17038,5056,23
2021-03-28,Michigan,722276,17038,116,0
2021-03-29,Michigan,731519,17048,9243,10
2021-03-30,Michigan,737764,17100,6245,52
2021-03-31,Michigan,744823,17112,7059,12
2021-04-01,Michigan,751999,17165,7176,53
2021-04-02,Michigan,758101,17185,6102,20
2021-04-03,Michigan,767273,17249,9172,64
2021-04-04,Michigan,767311,17249,38,0
2021-04-05,Michigan,778517,17274,11206,25
2021-04-06,Michigan,784542,17332,6025,58
2021-04-07,Michigan,793898,17362,9356,30
2021-04-08,Michigan,802580,17440,8682,78
2021-04-09,Michigan,811304,17471,8724,31
2021-04-10,Michigan,818667,17552,7363,81
2021-04-11,Michigan,818836,17552,169,0
2021-04-12,Michigan,829424,17566,10588,14
2021-04-13,Michigan,839486,17648,10062,82
2021-04-14,Michigan,848824,17683,9338,35
2021-04-15,Michigan,856086,17806,7262,123
2021-04-16,Michigan,865876,17848,9790,42
2021-04-17,Michigan,871907,17922,6031,74
2021-04-18,Michigan,871912,17922,5,0
2021-04-19,Michigan,881121,17987,9209,65
2021-04-20,Michigan,887642,18075,6521,88
2021-04-21,Michigan,893610,18119,5968,44
2021-04-22,Michigan,899108,18239,5498,120
2021-04-23,Michigan,904751,18272,5643,33
2021-04-24,Michigan,909952,18398,5201,126
2021-04-25,Michigan,909952,18398,0,0
2021-04-26,Michigan,917016,18439,7064,41
2021-04-27,Michigan,921596,18552,4580,113
2021-04-28,Michigan,926532,18589,4936,37
2021-04-29,Michigan,930717,18705,4185,116
2021-04-30,Michigan,934576,18743,3859,38
2021-05-01,Michigan,938277,18883,3701,140
2021-05-02,Michigan,938277,18883,0,0
2021-05-03,Michigan,943827,18910,5550,27
2021-05-04,Michigan,946952,19041,3125,131
2021-05-05,Michigan,950023,19087,3071,46
2021-05-06,Michigan,954135,19209,4112,122
2021-05-07,Michigan,957497,19239,3362,30
2021-05-08,Michigan,960068,19363,2571,124
2021-05-09,Michigan,960068,19363,0,0
2021-05-10,Michigan,963056,19398,2988,35
2021-05-11,Michigan,965724,19500,2668,102
2021-05-12,Michigan,968480,19515,2756,15
2021-05-13,Michigan,970847,19633,2367,118
2021-05-14,Michigan,972945,19665,2098,32
2021-05-15,Michigan,974436,19775,1491,110
2021-05-16,Michigan,974436,19775,0,0
2021-05-17,Michigan,977002,19799,2566,24
2021-05-18,Michigan,978537,19886,1535,87
2021-05-19,Michigan,980490,19915,1953,29
2021-05-20,Michigan,982065,19998,1575,83
2021-05-21,Michigan,983262,20036,1197,38
2021-05-22,Michigan,984470,20125,1208,89
2021-05-23,Michigan,984470,20125,0,0
2021-05-24,Michigan,985912,20141,1442,16
2021-05-25,Michigan,986887,20211,975,70
2021-05-26,Michigan,988008,20224,1121,13
2021-05-27,Michigan,988892,20287,884,63
2021-05-28,Michigan,989635,20310,743,23
