date,state,total cases,total deaths,new cases,new deaths
2020-03-06,Minnesota,1,0,1,0
2020-03-07,Minnesota,1,0,0,0
2020-03-08,Minnesota,2,0,1,0
2020-03-09,Minnesota,2,0,0,0
2020-03-10,Minnesota,3,0,1,0
2020-03-11,Minnesota,5,0,2,0
2020-03-12,Minnesota,9,0,4,0
2020-03-13,Minnesota,14,0,5,0
2020-03-14,Minnesota,21,0,7,0
2020-03-15,Minnesota,35,0,14,0
2020-03-16,Minnesota,54,0,19,0
2020-03-17,Minnesota,60,0,6,0
2020-03-18,Minnesota,77,0,17,0
2020-03-19,Minnesota,89,0,12,0
2020-03-20,Minnesota,115,0,26,0
2020-03-21,Minnesota,138,1,23,1
2020-03-22,Minnesota,171,1,33,0
2020-03-23,Minnesota,235,1,64,0
2020-03-24,Minnesota,264,1,29,0
2020-03-25,Minnesota,289,1,25,0
2020-03-26,Minnesota,346,2,57,1
2020-03-27,Minnesota,398,4,52,2
2020-03-28,Minnesota,442,5,44,1
2020-03-29,Minnesota,504,9,62,4
2020-03-30,Minnesota,576,10,72,1
2020-03-31,Minnesota,629,12,53,2
2020-04-01,Minnesota,689,17,60,5
2020-04-02,Minnesota,742,18,53,1
2020-04-03,Minnesota,789,22,47,4
2020-04-04,Minnesota,865,24,76,2
2020-04-05,Minnesota,935,29,70,5
2020-04-06,Minnesota,986,30,51,1
2020-04-07,Minnesota,1069,34,83,4
2020-04-08,Minnesota,1154,39,85,5
2020-04-09,Minnesota,1242,50,88,11
2020-04-10,Minnesota,1335,57,93,7
2020-04-11,Minnesota,1427,64,92,7
2020-04-12,Minnesota,1621,70,194,6
2020-04-13,Minnesota,1650,70,29,0
2020-04-14,Minnesota,1695,79,45,9
2020-04-15,Minnesota,1809,87,114,8
2020-04-16,Minnesota,1912,94,103,7
2020-04-17,Minnesota,2071,111,159,17
2020-04-18,Minnesota,2213,121,142,10
2020-04-19,Minnesota,2356,134,143,13
2020-04-20,Minnesota,2470,143,114,9
2020-04-21,Minnesota,2567,160,97,17
2020-04-22,Minnesota,2721,179,154,19
2020-04-23,Minnesota,2942,200,221,21
2020-04-24,Minnesota,3185,221,243,21
2020-04-25,Minnesota,3446,244,261,23
2020-04-26,Minnesota,3602,272,156,28
2020-04-27,Minnesota,3816,286,214,14
2020-04-28,Minnesota,4181,301,365,15
2020-04-29,Minnesota,4644,319,463,18
2020-04-30,Minnesota,5136,343,492,24
2020-05-01,Minnesota,5730,371,594,28
2020-05-02,Minnesota,6228,395,498,24
2020-05-03,Minnesota,6663,419,435,24
2020-05-04,Minnesota,7234,428,571,9
2020-05-05,Minnesota,7851,455,617,27
2020-05-06,Minnesota,8579,485,728,30
2020-05-07,Minnesota,9364,508,785,23
2020-05-08,Minnesota,10087,534,723,26
2020-05-09,Minnesota,10789,558,702,24
2020-05-10,Minnesota,11270,578,481,20
2020-05-11,Minnesota,11798,591,528,13
2020-05-12,Minnesota,12493,614,695,23
2020-05-13,Minnesota,12916,638,423,24
2020-05-14,Minnesota,13443,672,527,34
2020-05-15,Minnesota,14240,692,797,20
2020-05-16,Minnesota,14969,709,729,17
2020-05-17,Minnesota,15677,731,708,22
2020-05-18,Minnesota,16372,740,695,9
2020-05-19,Minnesota,17038,757,666,17
2020-05-20,Minnesota,17679,786,641,29
2020-05-21,Minnesota,18209,818,530,32
2020-05-22,Minnesota,19014,851,805,33
2020-05-23,Minnesota,19854,861,840,10
2020-05-24,Minnesota,20582,878,728,17
2020-05-25,Minnesota,21324,890,742,12
2020-05-26,Minnesota,21969,908,645,18
2020-05-27,Minnesota,22474,942,505,34
2020-05-28,Minnesota,22957,977,483,35
2020-05-29,Minnesota,23541,1006,584,29
2020-05-30,Minnesota,24200,1036,659,30
2020-05-31,Minnesota,24860,1050,660,14
2020-06-01,Minnesota,25218,1060,358,10
2020-06-02,Minnesota,25518,1082,300,22
2020-06-03,Minnesota,25881,1097,363,15
2020-06-04,Minnesota,26284,1126,403,29
2020-06-05,Minnesota,26991,1159,707,33
2020-06-06,Minnesota,27512,1181,521,22
2020-06-07,Minnesota,27897,1197,385,16
2020-06-08,Minnesota,28235,1208,338,11
2020-06-09,Minnesota,28534,1228,299,20
2020-06-10,Minnesota,28900,1267,366,39
2020-06-11,Minnesota,29347,1280,447,13
2020-06-12,Minnesota,29826,1305,479,25
2020-06-13,Minnesota,30203,1314,377,9
2020-06-14,Minnesota,30502,1329,299,15
2020-06-15,Minnesota,30724,1335,222,6
2020-06-16,Minnesota,30913,1344,189,9
2020-06-17,Minnesota,31328,1357,415,13
2020-06-18,Minnesota,31707,1376,379,19
2020-06-19,Minnesota,32063,1393,356,17
2020-06-20,Minnesota,32499,1404,436,11
2020-06-21,Minnesota,32952,1412,453,8
2020-06-22,Minnesota,33259,1416,307,4
2020-06-23,Minnesota,33501,1425,242,9
2020-06-24,Minnesota,33798,1432,297,7
2020-06-25,Minnesota,34158,1441,360,9
2020-06-26,Minnesota,34651,1446,493,5
2020-06-27,Minnesota,35068,1452,417,6
2020-06-28,Minnesota,35584,1460,516,8
2020-06-29,Minnesota,35896,1470,312,10
2020-06-30,Minnesota,36338,1476,442,6
2020-07-01,Minnesota,36753,1482,415,6
2020-07-02,Minnesota,37247,1495,494,13
2020-07-03,Minnesota,37661,1503,414,8
2020-07-04,Minnesota,37661,1503,0,0
2020-07-05,Minnesota,38173,1508,512,5
2020-07-06,Minnesota,38606,1511,433,3
2020-07-07,Minnesota,39170,1514,564,3
2020-07-08,Minnesota,39627,1523,457,9
2020-07-09,Minnesota,40201,1528,574,5
2020-07-10,Minnesota,40805,1533,604,5
2020-07-11,Minnesota,41609,1537,804,4
2020-07-12,Minnesota,42319,1540,710,3
2020-07-13,Minnesota,42810,1542,491,2
2020-07-14,Minnesota,43208,1548,398,6
2020-07-15,Minnesota,43782,1558,574,10
2020-07-16,Minnesota,44387,1566,605,8
2020-07-17,Minnesota,45053,1573,666,7
2020-07-18,Minnesota,45510,1578,457,5
2020-07-19,Minnesota,46244,1581,734,3
2020-07-20,Minnesota,47147,1585,903,4
2020-07-21,Minnesota,47497,1588,350,3
2020-07-22,Minnesota,48001,1592,504,4
2020-07-23,Minnesota,48761,1601,760,9
2020-07-24,Minnesota,49528,1606,767,5
2020-07-25,Minnesota,50331,1611,803,5
2020-07-26,Minnesota,51193,1614,862,3
2020-07-27,Minnesota,51843,1616,650,2
2020-07-28,Minnesota,52321,1620,478,4
2020-07-29,Minnesota,52987,1629,666,9
2020-07-30,Minnesota,53732,1634,745,5
2020-07-31,Minnesota,54503,1640,771,6
2020-08-01,Minnesota,55228,1646,725,6
2020-08-02,Minnesota,55987,1654,759,8
2020-08-03,Minnesota,56600,1656,613,2
2020-08-04,Minnesota,57202,1660,602,4
2020-08-05,Minnesota,57820,1670,618,10
2020-08-06,Minnesota,58681,1677,861,7
2020-08-07,Minnesota,59226,1681,545,4
2020-08-08,Minnesota,60142,1689,916,8
2020-08-09,Minnesota,60939,1698,797,9
2020-08-10,Minnesota,61557,1701,618,3
2020-08-11,Minnesota,61880,1707,323,6
2020-08-12,Minnesota,62349,1724,469,17
2020-08-13,Minnesota,63039,1731,690,7
2020-08-14,Minnesota,63769,1739,730,8
2020-08-15,Minnesota,64459,1745,690,6
2020-08-16,Minnesota,65198,1752,739,7
2020-08-17,Minnesota,65762,1758,564,6
2020-08-18,Minnesota,66107,1767,345,9
2020-08-19,Minnesota,66664,1784,557,17
2020-08-20,Minnesota,67354,1791,690,7
2020-08-21,Minnesota,68179,1799,825,8
2020-08-22,Minnesota,68913,1807,734,8
2020-08-23,Minnesota,69630,1813,717,6
2020-08-24,Minnesota,70344,1817,714,4
2020-08-25,Minnesota,70753,1825,409,8
2020-08-26,Minnesota,71285,1842,532,17
2020-08-27,Minnesota,72439,1855,1154,13
2020-08-28,Minnesota,73289,1859,850,4
2020-08-29,Minnesota,74306,1863,1017,4
2020-08-30,Minnesota,75238,1865,932,2
2020-08-31,Minnesota,75913,1866,675,1
2020-09-01,Minnesota,76404,1872,491,6
2020-09-02,Minnesota,77137,1882,733,10
2020-09-03,Minnesota,78175,1889,1038,7
2020-09-04,Minnesota,79018,1899,843,10
2020-09-05,Minnesota,79932,1903,914,4
2020-09-06,Minnesota,80639,1909,707,6
2020-09-07,Minnesota,81277,1912,638,3
2020-09-08,Minnesota,81660,1914,383,2
2020-09-09,Minnesota,81920,1921,260,7
2020-09-10,Minnesota,82301,1936,381,15
2020-09-11,Minnesota,82768,1949,467,13
2020-09-12,Minnesota,83640,1958,872,9
2020-09-13,Minnesota,84363,1971,723,13
2020-09-14,Minnesota,85001,1974,638,3
2020-09-15,Minnesota,85403,1979,402,5
2020-09-16,Minnesota,85865,1985,462,6
2020-09-17,Minnesota,86774,1994,909,9
2020-09-18,Minnesota,87859,2002,1085,8
2020-09-19,Minnesota,88773,2015,914,13
2020-09-20,Minnesota,90069,2017,1296,2
2020-09-21,Minnesota,90994,2021,925,4
2020-09-22,Minnesota,91474,2031,480,10
2020-09-23,Minnesota,92152,2037,678,6
2020-09-24,Minnesota,93064,2040,912,3
2020-09-25,Minnesota,94241,2046,1177,6
2020-09-26,Minnesota,95711,2056,1470,10
2020-09-27,Minnesota,96786,2060,1075,4
2020-09-28,Minnesota,97690,2067,904,7
2020-09-29,Minnesota,98499,2072,809,5
2020-09-30,Minnesota,99187,2089,688,17
2020-10-01,Minnesota,100253,2102,1066,13
2020-10-02,Minnesota,101419,2112,1166,10
2020-10-03,Minnesota,102840,2126,1421,14
2020-10-04,Minnesota,103879,2133,1039,7
2020-10-05,Minnesota,104852,2136,973,3
2020-10-06,Minnesota,105793,2140,941,4
2020-10-07,Minnesota,106704,2154,911,14
2020-10-08,Minnesota,107975,2160,1271,6
2020-10-09,Minnesota,109365,2174,1390,14
2020-10-10,Minnesota,110881,2184,1516,10
2020-10-11,Minnesota,112321,2194,1440,10
2020-10-12,Minnesota,113492,2197,1171,3
2020-10-13,Minnesota,114627,2204,1135,7
2020-10-14,Minnesota,115996,2233,1369,29
2020-10-15,Minnesota,117159,2252,1163,19
2020-10-16,Minnesota,119449,2265,2290,13
2020-10-17,Minnesota,121143,2270,1694,5
2020-10-18,Minnesota,122865,2287,1722,17
2020-10-19,Minnesota,124492,2292,1627,5
2020-10-20,Minnesota,125584,2299,1092,7
2020-10-21,Minnesota,126644,2334,1060,35
2020-10-22,Minnesota,128205,2354,1561,20
2020-10-23,Minnesota,129916,2367,1711,13
2020-10-24,Minnesota,132175,2381,2259,14
2020-10-25,Minnesota,133855,2402,1680,21
2020-10-26,Minnesota,135425,2406,1570,4
2020-10-27,Minnesota,137589,2421,2164,15
2020-10-28,Minnesota,139497,2440,1908,19
2020-10-29,Minnesota,142364,2472,2867,32
2020-10-30,Minnesota,145519,2491,3155,19
2020-10-31,Minnesota,148526,2511,3007,20
2020-11-01,Minnesota,150726,2529,2200,18
2020-11-02,Minnesota,153674,2538,2948,9
2020-11-03,Minnesota,157150,2553,3476,15
2020-11-04,Minnesota,160977,2584,3827,31
2020-11-05,Minnesota,164919,2609,3942,25
2020-11-06,Minnesota,170361,2645,5442,36
2020-11-07,Minnesota,175008,2679,4647,34
2020-11-08,Minnesota,180916,2710,5908,31
2020-11-09,Minnesota,184842,2729,3926,19
2020-11-10,Minnesota,189735,2752,4893,23
2020-11-11,Minnesota,194626,2810,4891,58
2020-11-12,Minnesota,201851,2849,7225,39
2020-11-13,Minnesota,207395,2895,5544,46
2020-11-14,Minnesota,216084,2930,8689,35
2020-11-15,Minnesota,223637,2961,7553,31
2020-11-16,Minnesota,231074,2973,7437,12
2020-11-17,Minnesota,237005,2999,5931,26
2020-11-18,Minnesota,242099,3066,5094,67
2020-11-19,Minnesota,249962,3138,7863,72
2020-11-20,Minnesota,256756,3206,6794,68
2020-11-21,Minnesota,263008,3257,6252,51
2020-11-22,Minnesota,270213,3297,7205,40
2020-11-23,Minnesota,276556,3321,6343,24
2020-11-24,Minnesota,282972,3359,6416,38
2020-11-25,Minnesota,289362,3434,6390,75
2020-11-26,Minnesota,289362,3434,0,0
2020-11-27,Minnesota,295060,3535,5698,101
2020-11-28,Minnesota,304082,3580,9022,45
2020-11-29,Minnesota,313028,3637,8946,57
2020-11-30,Minnesota,318822,3652,5794,15
2020-12-01,Minnesota,322371,3674,3549,22
2020-12-02,Minnesota,327536,3751,5165,77
2020-12-03,Minnesota,333685,3843,6149,92
2020-12-04,Minnesota,339032,3904,5347,61
2020-12-05,Minnesota,345340,3979,6308,75
2020-12-06,Minnesota,350921,4043,5581,64
2020-12-07,Minnesota,356211,4064,5290,21
2020-12-08,Minnesota,359262,4086,3051,22
2020-12-09,Minnesota,363778,4168,4516,82
2020-12-10,Minnesota,367277,4257,3499,89
2020-12-11,Minnesota,371027,4351,3750,94
2020-12-12,Minnesota,375457,4418,4430,67
2020-12-13,Minnesota,378882,4503,3425,85
2020-12-14,Minnesota,381900,4521,3018,18
2020-12-15,Minnesota,384223,4542,2323,21
2020-12-16,Minnesota,386471,4634,2248,92
2020-12-17,Minnesota,389230,4717,2759,83
2020-12-18,Minnesota,391948,4782,2718,65
2020-12-19,Minnesota,394694,4839,2746,57
2020-12-20,Minnesota,397378,4909,2684,70
2020-12-21,Minnesota,399370,4931,1992,22
2020-12-22,Minnesota,401070,4955,1700,24
2020-12-23,Minnesota,402578,5030,1508,75
2020-12-24,Minnesota,404462,5109,1884,79
2020-12-25,Minnesota,404462,5109,0,0
2020-12-26,Minnesota,406604,5166,2142,57
2020-12-27,Minnesota,409120,5206,2516,40
2020-12-28,Minnesota,410197,5219,1077,13
2020-12-29,Minnesota,411169,5255,972,36
2020-12-30,Minnesota,413166,5321,1997,66
2020-12-31,Minnesota,415361,5382,2195,61
2021-01-01,Minnesota,415361,5382,0,0
2021-01-02,Minnesota,417891,5436,2530,54
2021-01-03,Minnesota,420603,5489,2712,53
2021-01-04,Minnesota,423747,5502,3144,13
2021-01-05,Minnesota,425320,5520,1573,18
2021-01-06,Minnesota,427655,5596,2335,76
2021-01-07,Minnesota,429638,5640,1983,44
2021-01-08,Minnesota,432012,5688,2374,48
2021-01-09,Minnesota,434481,5731,2469,43
2021-01-10,Minnesota,436640,5775,2159,44
2021-01-11,Minnesota,437620,5779,980,4
2021-01-12,Minnesota,438935,5792,1315,13
2021-01-13,Minnesota,440422,5842,1487,50
2021-01-14,Minnesota,442003,5885,1581,43
2021-01-15,Minnesota,443630,5918,1627,33
2021-01-16,Minnesota,445115,5955,1485,37
2021-01-17,Minnesota,446448,5995,1333,40
2021-01-18,Minnesota,447417,6007,969,12
2021-01-19,Minnesota,448336,6013,919,6
2021-01-20,Minnesota,449560,6047,1224,34
2021-01-21,Minnesota,450830,6079,1270,32
2021-01-22,Minnesota,452336,6100,1506,21
2021-01-23,Minnesota,453876,6131,1540,31
2021-01-24,Minnesota,455057,6163,1181,32
2021-01-25,Minnesota,455851,6166,794,3
2021-01-26,Minnesota,456558,6174,707,8
2021-01-27,Minnesota,457385,6192,827,18
2021-01-28,Minnesota,458701,6208,1316,16
2021-01-29,Minnesota,459815,6236,1114,28
2021-01-30,Minnesota,460887,6255,1072,19
2021-01-31,Minnesota,461875,6268,988,13
2021-02-01,Minnesota,462596,6270,721,2
2021-02-02,Minnesota,463200,6278,604,8
2021-02-03,Minnesota,463834,6302,634,24
2021-02-04,Minnesota,465244,6319,1410,17
2021-02-05,Minnesota,466292,6341,1048,22
2021-02-06,Minnesota,467285,6357,993,16
2021-02-07,Minnesota,468186,6367,901,10
2021-02-08,Minnesota,468750,6370,564,3
2021-02-09,Minnesota,469322,6376,572,6
2021-02-10,Minnesota,469973,6387,651,11
2021-02-11,Minnesota,470871,6411,898,24
2021-02-12,Minnesota,471919,6430,1048,19
2021-02-13,Minnesota,472859,6437,940,7
2021-02-14,Minnesota,473635,6444,776,7
2021-02-15,Minnesota,474237,6446,602,2
2021-02-16,Minnesota,474689,6448,452,2
2021-02-17,Minnesota,475447,6458,758,10
2021-02-18,Minnesota,476360,6472,913,14
2021-02-19,Minnesota,477355,6480,995,8
2021-02-20,Minnesota,478225,6491,870,11
2021-02-21,Minnesota,479104,6500,879,9
2021-02-22,Minnesota,479659,6501,555,1
2021-02-23,Minnesota,480159,6502,500,1
2021-02-24,Minnesota,480913,6511,754,9
2021-02-25,Minnesota,481899,6518,986,7
2021-02-26,Minnesota,483046,6530,1147,12
2021-02-27,Minnesota,483858,6543,812,13
2021-02-28,Minnesota,484662,6551,804,8
2021-03-01,Minnesota,485298,6554,636,3
2021-03-02,Minnesota,485723,6558,425,4
2021-03-03,Minnesota,486502,6575,779,17
2021-03-04,Minnesota,487442,6589,940,14
2021-03-05,Minnesota,488238,6602,796,13
2021-03-06,Minnesota,489184,6614,946,12
2021-03-07,Minnesota,490079,6618,895,4
2021-03-08,Minnesota,490551,6624,472,6
2021-03-09,Minnesota,492176,6764,1625,140
2021-03-10,Minnesota,493081,6773,905,9
2021-03-11,Minnesota,494174,6792,1093,19
2021-03-12,Minnesota,495276,6805,1102,13
2021-03-13,Minnesota,496463,6809,1187,4
2021-03-14,Minnesota,497460,6814,997,5
2021-03-15,Minnesota,498286,6815,826,1
2021-03-16,Minnesota,498994,6817,708,2
2021-03-17,Minnesota,500030,6824,1036,7
2021-03-18,Minnesota,501526,6830,1496,6
2021-03-19,Minnesota,502961,6839,1435,9
2021-03-20,Minnesota,504341,6845,1380,6
2021-03-21,Minnesota,505292,6850,951,5
2021-03-22,Minnesota,506444,6850,1152,0
2021-03-23,Minnesota,507299,6857,855,7
2021-03-24,Minnesota,508609,6866,1310,9
2021-03-25,Minnesota,510476,6892,1867,26
2021-03-26,Minnesota,512175,6899,1699,7
2021-03-27,Minnesota,513911,6903,1736,4
2021-03-28,Minnesota,515136,6908,1225,5
2021-03-29,Minnesota,516686,6913,1550,5
