date,state,total cases,total deaths,new cases,new deaths
2020-03-13,Montana,4,0,4,0
2020-03-14,Montana,6,0,2,0
2020-03-15,Montana,6,0,0,0
2020-03-16,Montana,8,0,2,0
2020-03-17,Montana,8,0,0,0
2020-03-18,Montana,12,0,4,0
2020-03-19,Montana,19,0,7,0
2020-03-20,Montana,19,0,0,0
2020-03-21,Montana,29,0,10,0
2020-03-22,Montana,34,0,5,0
2020-03-23,Montana,45,0,11,0
2020-03-24,Montana,51,0,6,0
2020-03-25,Montana,65,0,14,0
2020-03-26,Montana,90,0,25,0
2020-03-27,Montana,121,1,31,1
2020-03-28,Montana,147,1,26,0
2020-03-29,Montana,161,1,14,0
2020-03-30,Montana,177,4,16,3
2020-03-31,Montana,198,5,21,1
2020-04-01,Montana,219,5,21,0
2020-04-02,Montana,241,5,22,0
2020-04-03,Montana,262,5,21,0
2020-04-04,Montana,281,6,19,1
2020-04-05,Montana,298,6,17,0
2020-04-06,Montana,319,6,21,0
2020-04-07,Montana,319,6,0,0
2020-04-08,Montana,332,6,13,0
2020-04-09,Montana,354,6,22,0
2020-04-10,Montana,365,6,11,0
2020-04-11,Montana,377,6,12,0
2020-04-12,Montana,387,6,10,0
2020-04-13,Montana,394,7,7,1
2020-04-14,Montana,399,7,5,0
2020-04-15,Montana,404,7,5,0
2020-04-16,Montana,415,7,11,0
2020-04-17,Montana,422,8,7,1
2020-04-18,Montana,426,10,4,2
2020-04-19,Montana,433,10,7,0
2020-04-20,Montana,433,12,0,2
2020-04-21,Montana,437,12,4,0
2020-04-22,Montana,439,14,2,2
2020-04-23,Montana,442,14,3,0
2020-04-24,Montana,444,14,2,0
2020-04-25,Montana,445,14,1,0
2020-04-26,Montana,448,14,3,0
2020-04-27,Montana,449,14,1,0
2020-04-28,Montana,451,15,2,1
2020-04-29,Montana,451,16,0,1
2020-04-30,Montana,452,16,1,0
2020-05-01,Montana,452,16,0,0
2020-05-02,Montana,454,16,2,0
2020-05-03,Montana,454,16,0,0
2020-05-04,Montana,456,16,2,0
2020-05-05,Montana,456,16,0,0
2020-05-06,Montana,456,16,0,0
2020-05-07,Montana,456,16,0,0
2020-05-08,Montana,458,16,2,0
2020-05-09,Montana,458,16,0,0
2020-05-10,Montana,458,16,0,0
2020-05-11,Montana,459,16,1,0
2020-05-12,Montana,461,16,2,0
2020-05-13,Montana,462,16,1,0
2020-05-14,Montana,462,16,0,0
2020-05-15,Montana,466,16,4,0
2020-05-16,Montana,468,16,2,0
2020-05-17,Montana,468,16,0,0
2020-05-18,Montana,470,16,2,0
2020-05-19,Montana,471,16,1,0
2020-05-20,Montana,478,16,7,0
2020-05-21,Montana,479,16,1,0
2020-05-22,Montana,479,16,0,0
2020-05-23,Montana,479,16,0,0
2020-05-24,Montana,479,16,0,0
2020-05-25,Montana,479,16,0,0
2020-05-26,Montana,479,17,0,1
2020-05-27,Montana,481,17,2,0
2020-05-28,Montana,485,17,4,0
2020-05-29,Montana,493,17,8,0
2020-05-30,Montana,505,17,12,0
2020-05-31,Montana,515,17,10,0
2020-06-01,Montana,519,17,4,0
2020-06-02,Montana,523,17,4,0
2020-06-03,Montana,525,17,2,0
2020-06-04,Montana,537,17,12,0
2020-06-05,Montana,539,18,2,1
2020-06-06,Montana,540,18,1,0
2020-06-07,Montana,545,18,5,0
2020-06-08,Montana,548,18,3,0
2020-06-09,Montana,554,18,6,0
2020-06-10,Montana,561,18,7,0
2020-06-11,Montana,563,18,2,0
2020-06-12,Montana,573,18,10,0
2020-06-13,Montana,588,18,15,0
2020-06-14,Montana,601,19,13,1
2020-06-15,Montana,609,19,8,0
2020-06-16,Montana,614,19,5,0
2020-06-17,Montana,630,20,16,1
2020-06-18,Montana,655,20,25,0
2020-06-19,Montana,666,20,11,0
2020-06-20,Montana,698,20,32,0
2020-06-21,Montana,717,20,19,0
2020-06-22,Montana,734,21,17,1
2020-06-23,Montana,743,21,9,0
2020-06-24,Montana,766,21,23,0
2020-06-25,Montana,803,21,37,0
2020-06-26,Montana,829,22,26,1
2020-06-27,Montana,852,22,23,0
2020-06-28,Montana,863,22,11,0
2020-06-29,Montana,919,22,56,0
2020-06-30,Montana,967,22,48,0
2020-07-01,Montana,1016,22,49,0
2020-07-02,Montana,1083,22,67,0
2020-07-03,Montana,1128,23,45,1
2020-07-04,Montana,1167,23,39,0
2020-07-05,Montana,1212,23,45,0
2020-07-06,Montana,1249,23,37,0
2020-07-07,Montana,1327,23,78,0
2020-07-08,Montana,1371,23,44,0
2020-07-09,Montana,1466,25,95,2
2020-07-10,Montana,1593,28,127,3
2020-07-11,Montana,1677,29,84,1
2020-07-12,Montana,1758,29,81,0
2020-07-13,Montana,1908,32,150,3
2020-07-14,Montana,2038,34,130,2
2020-07-15,Montana,2149,34,111,0
2020-07-16,Montana,2265,35,116,1
2020-07-17,Montana,2383,37,118,2
2020-07-18,Montana,2471,37,88,0
2020-07-19,Montana,2533,37,62,0
2020-07-20,Montana,2640,39,107,2
2020-07-21,Montana,2741,40,101,1
2020-07-22,Montana,2840,42,99,2
2020-07-23,Montana,2924,43,84,1
2020-07-24,Montana,3113,46,189,3
2020-07-25,Montana,3260,46,147,0
2020-07-26,Montana,3342,46,82,0
2020-07-27,Montana,3406,47,64,1
2020-07-28,Montana,3491,52,85,5
2020-07-29,Montana,3695,54,204,2
2020-07-30,Montana,3829,55,134,1
2020-07-31,Montana,3977,60,148,5
2020-08-01,Montana,4081,61,104,1
2020-08-02,Montana,4193,61,112,0
2020-08-03,Montana,4249,64,56,3
2020-08-04,Montana,4360,64,111,0
2020-08-05,Montana,4481,65,121,1
2020-08-06,Montana,4621,66,140,1
2020-08-07,Montana,4771,71,150,5
2020-08-08,Montana,4889,75,118,4
2020-08-09,Montana,4952,75,63,0
2020-08-10,Montana,5032,75,80,0
2020-08-11,Montana,5125,77,93,2
2020-08-12,Montana,5292,80,167,3
2020-08-13,Montana,5430,81,138,1
2020-08-14,Montana,5564,82,134,1
2020-08-15,Montana,5663,82,99,0
2020-08-16,Montana,5751,82,88,0
2020-08-17,Montana,5810,82,59,0
2020-08-18,Montana,5867,84,57,2
2020-08-19,Montana,5976,84,109,0
2020-08-20,Montana,6095,89,119,5
2020-08-21,Montana,6239,90,144,1
2020-08-22,Montana,6392,90,153,0
2020-08-23,Montana,6444,90,52,0
2020-08-24,Montana,6510,91,66,1
2020-08-25,Montana,6649,97,139,6
2020-08-26,Montana,6807,98,158,1
2020-08-27,Montana,6960,98,153,0
2020-08-28,Montana,7086,100,126,2
2020-08-29,Montana,7256,104,170,4
2020-08-30,Montana,7340,104,84,0
2020-08-31,Montana,7440,104,100,0
2020-09-01,Montana,7526,105,86,1
2020-09-02,Montana,7715,109,189,4
2020-09-03,Montana,7903,111,188,2
2020-09-04,Montana,8046,114,143,3
2020-09-05,Montana,8178,116,132,2
2020-09-06,Montana,8272,117,94,1
2020-09-07,Montana,8340,118,68,1
2020-09-08,Montana,8409,119,69,1
2020-09-09,Montana,8499,122,90,3
2020-09-10,Montana,8694,123,195,1
2020-09-11,Montana,8817,132,123,9
2020-09-12,Montana,8946,134,129,2
2020-09-13,Montana,9037,136,91,2
2020-09-14,Montana,9164,139,127,3
2020-09-15,Montana,9281,141,117,2
2020-09-16,Montana,9487,141,206,0
2020-09-17,Montana,9721,143,234,2
2020-09-18,Montana,9934,146,213,3
2020-09-19,Montana,10193,156,259,10
2020-09-20,Montana,10325,157,132,1
2020-09-21,Montana,10509,160,184,3
2020-09-22,Montana,10792,163,283,3
2020-09-23,Montana,11034,165,242,2
2020-09-24,Montana,11381,165,347,0
2020-09-25,Montana,11656,170,275,5
2020-09-26,Montana,11943,171,287,1
2020-09-27,Montana,12126,173,183,2
2020-09-28,Montana,12538,174,412,1
2020-09-29,Montana,12825,177,287,3
2020-09-30,Montana,13179,180,354,3
2020-10-01,Montana,13626,181,447,1
2020-10-02,Montana,14044,186,418,5
2020-10-03,Montana,14490,186,446,0
2020-10-04,Montana,14738,187,248,1
2020-10-05,Montana,15127,190,389,3
2020-10-06,Montana,15633,192,506,2
2020-10-07,Montana,16194,193,561,1
2020-10-08,Montana,16766,197,572,4
2020-10-09,Montana,17478,206,712,9
2020-10-10,Montana,18118,209,640,3
2020-10-11,Montana,18733,210,615,1
2020-10-12,Montana,19205,212,472,2
2020-10-13,Montana,19682,217,477,5
2020-10-14,Montana,20321,225,639,8
2020-10-15,Montana,21043,230,722,5
2020-10-16,Montana,21674,235,631,5
2020-10-17,Montana,22284,240,610,5
2020-10-18,Montana,22821,241,537,1
2020-10-19,Montana,23503,242,682,1
2020-10-20,Montana,24201,252,698,10
2020-10-21,Montana,24818,276,617,24
2020-10-22,Montana,25736,279,918,3
2020-10-23,Montana,26600,283,864,4
2020-10-24,Montana,27149,295,549,12
2020-10-25,Montana,27880,298,731,3
2020-10-26,Montana,28580,304,700,6
2020-10-27,Montana,29422,309,842,5
2020-10-28,Montana,30051,326,629,17
2020-10-29,Montana,30932,339,881,13
2020-10-30,Montana,31995,368,1063,29
2020-10-31,Montana,32801,377,806,9
2020-11-01,Montana,33495,378,694,1
2020-11-02,Montana,34317,387,822,9
2020-11-03,Montana,35222,400,905,13
2020-11-04,Montana,36012,404,790,4
2020-11-05,Montana,37024,409,1012,5
2020-11-06,Montana,38012,420,988,11
2020-11-07,Montana,38948,445,936,25
2020-11-08,Montana,39679,456,731,11
2020-11-09,Montana,40118,463,439,7
2020-11-10,Montana,41219,468,1101,5
2020-11-11,Montana,42132,475,913,7
2020-11-12,Montana,43084,478,952,3
2020-11-13,Montana,44297,483,1213,5
2020-11-14,Montana,45919,519,1622,36
2020-11-15,Montana,47158,525,1239,6
2020-11-16,Montana,48101,528,943,3
2020-11-17,Montana,49496,548,1395,20
2020-11-18,Montana,50650,568,1154,20
2020-11-19,Montana,51872,569,1222,1
2020-11-20,Montana,53346,575,1474,6
2020-11-21,Montana,54542,604,1196,29
2020-11-22,Montana,55680,607,1138,3
2020-11-23,Montana,56428,615,748,8
2020-11-24,Montana,57559,630,1131,15
2020-11-25,Montana,58620,653,1061,23
2020-11-26,Montana,59682,658,1062,5
2020-11-27,Montana,59796,658,114,0
2020-11-28,Montana,60845,670,1049,12
2020-11-29,Montana,61801,672,956,2
2020-11-30,Montana,62256,684,455,12
2020-12-01,Montana,63324,700,1068,16
2020-12-02,Montana,64399,713,1075,13
2020-12-03,Montana,65242,723,843,10
2020-12-04,Montana,66494,728,1252,5
2020-12-05,Montana,67092,734,598,6
2020-12-06,Montana,67875,736,783,2
2020-12-07,Montana,68651,743,776,7
2020-12-08,Montana,69465,763,814,20
2020-12-09,Montana,70191,771,726,8
2020-12-10,Montana,70954,786,763,15
2020-12-11,Montana,71931,805,977,19
2020-12-12,Montana,72659,816,728,11
2020-12-13,Montana,73303,818,644,2
2020-12-14,Montana,73356,818,53,0
2020-12-15,Montana,74160,826,804,8
2020-12-16,Montana,74764,836,604,10
2020-12-17,Montana,75545,849,781,13
2020-12-18,Montana,76056,855,511,6
2020-12-19,Montana,76708,864,652,9
2020-12-20,Montana,77170,865,462,1
2020-12-21,Montana,77456,881,286,16
2020-12-22,Montana,78017,901,561,20
2020-12-23,Montana,78591,917,574,16
2020-12-24,Montana,79066,918,475,1
2020-12-25,Montana,79066,918,0,0
2020-12-26,Montana,79521,919,455,1
2020-12-27,Montana,79780,924,259,5
2020-12-28,Montana,80080,927,300,3
2020-12-29,Montana,80516,939,436,12
2020-12-30,Montana,81352,950,836,11
2020-12-31,Montana,81701,962,349,12
2021-01-01,Montana,81701,962,0,0
2021-01-02,Montana,81991,971,290,9
2021-01-03,Montana,82381,972,390,1
2021-01-04,Montana,82753,975,372,3
2021-01-05,Montana,83529,1006,776,31
2021-01-06,Montana,84155,1015,626,9
2021-01-07,Montana,84848,1039,693,24
2021-01-08,Montana,85668,1049,820,10
2021-01-09,Montana,86116,1054,448,5
2021-01-10,Montana,86324,1056,208,2
2021-01-11,Montana,86757,1057,433,1
2021-01-12,Montana,87179,1067,422,10
2021-01-13,Montana,87759,1069,580,2
2021-01-14,Montana,88190,1079,431,10
2021-01-15,Montana,88725,1086,535,7
2021-01-16,Montana,89056,1088,331,2
2021-01-17,Montana,89393,1092,337,4
2021-01-18,Montana,89584,1093,191,1
2021-01-19,Montana,89952,1093,368,0
2021-01-20,Montana,90349,1094,397,1
2021-01-21,Montana,90742,1102,393,8
2021-01-22,Montana,91145,1106,403,4
2021-01-23,Montana,91448,1142,303,36
2021-01-24,Montana,91662,1152,214,10
2021-01-25,Montana,91905,1152,243,0
2021-01-26,Montana,92249,1186,344,34
2021-01-27,Montana,92619,1202,370,16
2021-01-28,Montana,93018,1213,399,11
2021-01-29,Montana,93322,1228,304,15
2021-01-30,Montana,93793,1233,471,5
2021-01-31,Montana,93961,1234,168,1
2021-02-01,Montana,94146,1235,185,1
2021-02-02,Montana,94460,1250,314,15
2021-02-03,Montana,94890,1304,430,54
2021-02-04,Montana,95191,1310,301,6
2021-02-05,Montana,95539,1312,348,2
2021-02-06,Montana,95753,1313,214,1
2021-02-07,Montana,95813,1315,60,2
2021-02-08,Montana,95993,1315,180,0
2021-02-09,Montana,96371,1316,378,1
2021-02-10,Montana,96678,1321,307,5
2021-02-11,Montana,96938,1322,260,1
2021-02-12,Montana,97159,1325,221,3
2021-02-13,Montana,97338,1328,179,3
2021-02-14,Montana,97425,1328,87,0
2021-02-15,Montana,97575,1329,150,1
2021-02-16,Montana,97759,1332,184,3
2021-02-17,Montana,97995,1335,236,3
2021-02-18,Montana,98211,1338,216,3
2021-02-19,Montana,98465,1340,254,2
2021-02-20,Montana,98681,1342,216,2
2021-02-21,Montana,98779,1343,98,1
2021-02-22,Montana,98929,1342,150,0
2021-02-23,Montana,99161,1347,232,5
2021-02-24,Montana,99363,1349,202,2
2021-02-25,Montana,99566,1351,203,2
2021-02-26,Montana,99732,1357,166,6
2021-02-27,Montana,99920,1357,188,0
2021-02-28,Montana,99999,1358,79,1
2021-03-01,Montana,100115,1358,116,0
2021-03-02,Montana,100272,1373,157,15
2021-03-03,Montana,100469,1374,197,1
2021-03-04,Montana,100640,1377,171,3
2021-03-05,Montana,100798,1381,158,4
2021-03-06,Montana,100925,1382,127,1
2021-03-07,Montana,100968,1382,43,0
2021-03-08,Montana,101093,1382,125,0
2021-03-09,Montana,101229,1386,136,4
2021-03-10,Montana,101374,1388,145,2
2021-03-11,Montana,101561,1392,187,4
2021-03-12,Montana,101683,1393,122,1
2021-03-13,Montana,101801,1393,118,0
2021-03-14,Montana,101835,1393,34,0
2021-03-15,Montana,102055,1394,220,1
2021-03-16,Montana,102469,1397,414,3
2021-03-17,Montana,102602,1398,133,1
2021-03-18,Montana,102736,1407,134,9
2021-03-19,Montana,102900,1410,164,3
2021-03-20,Montana,103042,1415,142,5
2021-03-21,Montana,103111,1415,69,0
2021-03-22,Montana,103227,1415,116,0
2021-03-23,Montana,103579,1419,352,4
2021-03-24,Montana,103796,1431,217,12
2021-03-25,Montana,103961,1435,165,4
2021-03-26,Montana,104107,1435,146,0
2021-03-27,Montana,104159,1436,52,1
2021-03-28,Montana,104184,1436,25,0
2021-03-29,Montana,104293,1436,109,0
2021-03-30,Montana,104456,1437,163,1
2021-03-31,Montana,104677,1437,221,0
2021-04-01,Montana,104865,1438,188,1
2021-04-02,Montana,104992,1454,127,16
2021-04-03,Montana,105092,1465,100,11
2021-04-04,Montana,105150,1466,58,1
2021-04-05,Montana,105273,1466,123,0
2021-04-06,Montana,105470,1477,197,11
2021-04-07,Montana,105660,1490,190,13
2021-04-08,Montana,105883,1496,223,6
2021-04-09,Montana,106104,1521,221,25
2021-04-10,Montana,106205,1523,101,2
2021-04-11,Montana,106231,1523,26,0
2021-04-12,Montana,106360,1526,129,3
2021-04-13,Montana,106536,1526,176,0
2021-04-14,Montana,106747,1526,211,0
2021-04-15,Montana,106936,1528,189,2
2021-04-16,Montana,107057,1538,121,10
2021-04-17,Montana,107142,1546,85,8
2021-04-18,Montana,107198,1547,56,1
