date,state,total cases,total deaths,new cases,new deaths
2020-02-17,Nebraska,10,0,10,0
2020-02-18,Nebraska,10,0,0,0
2020-02-19,Nebraska,10,0,0,0
2020-02-20,Nebraska,11,0,1,0
2020-02-21,Nebraska,11,0,0,0
2020-02-22,Nebraska,11,0,0,0
2020-02-23,Nebraska,11,0,0,0
2020-02-24,Nebraska,12,0,1,0
2020-02-25,Nebraska,13,0,1,0
2020-02-26,Nebraska,13,0,0,0
2020-02-27,Nebraska,13,0,0,0
2020-02-28,Nebraska,13,0,0,0
2020-02-29,Nebraska,13,0,0,0
2020-03-01,Nebraska,13,0,0,0
2020-03-02,Nebraska,13,0,0,0
2020-03-03,Nebraska,13,0,0,0
2020-03-04,Nebraska,13,0,0,0
2020-03-05,Nebraska,13,0,0,0
2020-03-06,Nebraska,14,0,1,0
2020-03-07,Nebraska,14,0,0,0
2020-03-08,Nebraska,16,0,2,0
2020-03-09,Nebraska,16,0,0,0
2020-03-10,Nebraska,17,0,1,0
2020-03-11,Nebraska,23,0,6,0
2020-03-12,Nebraska,24,0,1,0
2020-03-13,Nebraska,27,0,3,0
2020-03-14,Nebraska,29,0,2,0
2020-03-15,Nebraska,31,0,2,0
2020-03-16,Nebraska,33,0,2,0
2020-03-17,Nebraska,36,0,3,0
2020-03-18,Nebraska,43,0,7,0
2020-03-19,Nebraska,47,0,4,0
2020-03-20,Nebraska,53,0,6,0
2020-03-21,Nebraska,61,0,8,0
2020-03-22,Nebraska,62,0,1,0
2020-03-23,Nebraska,73,0,11,0
2020-03-24,Nebraska,77,0,4,0
2020-03-25,Nebraska,84,0,7,0
2020-03-26,Nebraska,91,0,7,0
2020-03-27,Nebraska,102,2,11,2
2020-03-28,Nebraska,122,2,20,0
2020-03-29,Nebraska,138,2,16,0
2020-03-30,Nebraska,185,3,47,1
2020-03-31,Nebraska,199,4,14,1
2020-04-01,Nebraska,249,5,50,1
2020-04-02,Nebraska,273,6,24,1
2020-04-03,Nebraska,297,6,24,0
2020-04-04,Nebraska,339,8,42,2
2020-04-05,Nebraska,377,8,38,0
2020-04-06,Nebraska,438,10,61,2
2020-04-07,Nebraska,491,12,53,2
2020-04-08,Nebraska,538,14,47,2
2020-04-09,Nebraska,594,15,56,1
2020-04-10,Nebraska,678,18,84,3
2020-04-11,Nebraska,718,18,40,0
2020-04-12,Nebraska,805,18,87,0
2020-04-13,Nebraska,870,19,65,1
2020-04-14,Nebraska,930,21,60,2
2020-04-15,Nebraska,994,22,64,1
2020-04-16,Nebraska,1094,24,100,2
2020-04-17,Nebraska,1216,24,122,0
2020-04-18,Nebraska,1348,28,132,4
2020-04-19,Nebraska,1473,28,125,0
2020-04-20,Nebraska,1646,33,173,5
2020-04-21,Nebraska,1726,38,80,5
2020-04-22,Nebraska,1826,42,100,4
2020-04-23,Nebraska,2190,46,364,4
2020-04-24,Nebraska,2474,50,284,4
2020-04-25,Nebraska,2898,52,424,2
2020-04-26,Nebraska,3126,54,228,2
2020-04-27,Nebraska,3487,54,361,0
2020-04-28,Nebraska,3613,56,126,2
2020-04-29,Nebraska,3876,67,263,11
2020-04-30,Nebraska,4332,70,456,3
2020-05-01,Nebraska,4838,72,506,2
2020-05-02,Nebraska,5332,75,494,3
2020-05-03,Nebraska,5686,77,354,2
2020-05-04,Nebraska,6123,78,437,1
2020-05-05,Nebraska,6442,81,319,3
2020-05-06,Nebraska,6771,85,329,4
2020-05-07,Nebraska,7190,91,419,6
2020-05-08,Nebraska,7830,92,640,1
2020-05-09,Nebraska,8233,95,403,3
2020-05-10,Nebraska,8328,97,95,2
2020-05-11,Nebraska,8575,99,247,2
2020-05-12,Nebraska,8732,102,157,3
2020-05-13,Nebraska,9072,106,340,4
2020-05-14,Nebraska,9411,117,339,11
2020-05-15,Nebraska,9766,122,355,5
2020-05-16,Nebraska,10220,129,454,7
2020-05-17,Nebraska,10348,129,128,0
2020-05-18,Nebraska,10625,132,277,3
2020-05-19,Nebraska,10846,136,221,4
2020-05-20,Nebraska,11119,141,273,5
2020-05-21,Nebraska,11423,148,304,7
2020-05-22,Nebraska,11661,149,238,1
2020-05-23,Nebraska,11988,150,327,1
2020-05-24,Nebraska,12133,153,145,3
2020-05-25,Nebraska,12354,155,221,2
2020-05-26,Nebraska,12618,160,264,5
2020-05-27,Nebraska,12975,168,357,8
2020-05-28,Nebraska,13260,170,285,2
2020-05-29,Nebraska,13654,177,394,7
2020-05-30,Nebraska,13905,177,251,0
2020-05-31,Nebraska,14101,178,196,1
2020-06-01,Nebraska,14345,183,244,5
2020-06-02,Nebraska,14611,187,266,4
2020-06-03,Nebraska,14866,189,255,2
2020-06-04,Nebraska,15117,193,251,4
2020-06-05,Nebraska,15379,193,262,0
2020-06-06,Nebraska,15543,196,164,3
2020-06-07,Nebraska,15634,196,91,0
2020-06-08,Nebraska,15752,196,118,0
2020-06-09,Nebraska,15888,199,136,3
2020-06-10,Nebraska,16025,209,137,10
2020-06-11,Nebraska,16315,217,290,8
2020-06-12,Nebraska,16513,221,198,4
2020-06-13,Nebraska,16634,221,121,0
2020-06-14,Nebraska,16735,221,101,0
2020-06-15,Nebraska,16860,226,125,5
2020-06-16,Nebraska,17031,236,171,10
2020-06-17,Nebraska,17226,239,195,3
2020-06-18,Nebraska,17415,244,189,5
2020-06-19,Nebraska,17591,249,176,5
2020-06-20,Nebraska,17707,249,116,0
2020-06-21,Nebraska,17810,252,103,3
2020-06-22,Nebraska,17957,255,147,3
2020-06-23,Nebraska,18091,262,134,7
2020-06-24,Nebraska,18220,263,129,1
2020-06-25,Nebraska,18346,266,126,3
2020-06-26,Nebraska,18524,270,178,4
2020-06-27,Nebraska,18775,271,251,1
2020-06-28,Nebraska,18900,271,125,0
2020-06-29,Nebraska,19064,273,164,2
2020-06-30,Nebraska,19194,279,130,6
2020-07-01,Nebraska,19325,282,131,3
2020-07-02,Nebraska,19476,284,151,2
2020-07-03,Nebraska,19660,285,184,1
2020-07-04,Nebraska,19826,285,166,0
2020-07-05,Nebraska,19937,285,111,0
2020-07-06,Nebraska,20052,286,115,1
2020-07-07,Nebraska,20205,287,153,1
2020-07-08,Nebraska,20437,291,232,4
2020-07-09,Nebraska,20658,294,221,3
2020-07-10,Nebraska,20834,294,176,0
2020-07-11,Nebraska,21035,296,201,2
2020-07-12,Nebraska,21214,296,179,0
2020-07-13,Nebraska,21444,298,230,2
2020-07-14,Nebraska,21717,299,273,1
2020-07-15,Nebraska,21979,302,262,3
2020-07-16,Nebraska,22178,307,199,5
2020-07-17,Nebraska,22361,308,183,1
2020-07-18,Nebraska,22545,308,184,0
2020-07-19,Nebraska,22637,308,92,0
2020-07-20,Nebraska,22847,313,210,5
2020-07-21,Nebraska,23190,313,343,0
2020-07-22,Nebraska,23486,314,296,1
2020-07-23,Nebraska,23818,318,332,4
2020-07-24,Nebraska,24174,322,356,4
2020-07-25,Nebraska,24412,322,238,0
2020-07-26,Nebraska,24618,322,206,0
2020-07-27,Nebraska,24899,322,281,0
2020-07-28,Nebraska,25140,326,241,4
2020-07-29,Nebraska,25448,331,308,5
2020-07-30,Nebraska,25766,333,318,2
2020-07-31,Nebraska,26211,338,445,5
2020-08-01,Nebraska,26391,338,180,0
2020-08-02,Nebraska,26702,338,311,0
2020-08-03,Nebraska,26956,334,254,0
2020-08-04,Nebraska,27178,339,222,5
2020-08-05,Nebraska,27489,342,311,3
2020-08-06,Nebraska,27821,347,332,5
2020-08-07,Nebraska,28104,352,283,5
2020-08-08,Nebraska,28245,353,141,1
2020-08-09,Nebraska,28432,353,187,0
2020-08-10,Nebraska,28696,354,264,1
2020-08-11,Nebraska,29030,357,334,3
2020-08-12,Nebraska,29244,359,214,2
2020-08-13,Nebraska,29660,362,416,3
2020-08-14,Nebraska,29988,363,328,1
2020-08-15,Nebraska,30241,363,253,0
2020-08-16,Nebraska,30372,363,131,0
2020-08-17,Nebraska,30563,363,191,0
2020-08-18,Nebraska,30825,370,262,7
2020-08-19,Nebraska,31040,373,215,3
2020-08-20,Nebraska,31348,377,308,4
2020-08-21,Nebraska,31626,381,278,4
2020-08-22,Nebraska,31780,382,154,1
2020-08-23,Nebraska,31889,384,109,2
2020-08-24,Nebraska,32047,384,158,0
2020-08-25,Nebraska,32379,386,332,2
2020-08-26,Nebraska,32727,390,348,4
2020-08-27,Nebraska,33101,394,374,4
2020-08-28,Nebraska,33436,399,335,5
2020-08-29,Nebraska,33753,400,317,1
2020-08-30,Nebraska,34046,400,293,0
2020-08-31,Nebraska,34287,402,241,2
2020-09-01,Nebraska,34574,405,287,3
2020-09-02,Nebraska,34995,408,421,3
2020-09-03,Nebraska,35469,410,474,2
2020-09-04,Nebraska,35661,411,192,1
2020-09-05,Nebraska,35805,415,144,4
2020-09-06,Nebraska,35891,415,86,0
2020-09-07,Nebraska,35975,415,84,0
2020-09-08,Nebraska,36477,418,502,3
2020-09-09,Nebraska,36917,434,440,16
2020-09-10,Nebraska,37373,440,456,6
2020-09-11,Nebraska,37841,449,468,9
2020-09-12,Nebraska,38108,449,267,0
2020-09-13,Nebraska,38188,449,80,0
2020-09-14,Nebraska,38642,450,454,1
2020-09-15,Nebraska,38970,451,328,1
2020-09-16,Nebraska,39419,455,449,4
2020-09-17,Nebraska,39921,457,502,2
2020-09-18,Nebraska,40387,457,466,0
2020-09-19,Nebraska,40797,457,410,0
2020-09-20,Nebraska,41083,457,286,0
2020-09-21,Nebraska,41388,464,305,7
2020-09-22,Nebraska,41828,473,440,9
2020-09-23,Nebraska,42278,477,450,4
2020-09-24,Nebraska,42731,478,453,1
2020-09-25,Nebraska,43162,483,431,5
2020-09-26,Nebraska,43596,484,434,1
2020-09-27,Nebraska,44063,485,467,1
2020-09-28,Nebraska,44578,487,515,2
2020-09-29,Nebraska,45044,493,466,6
2020-09-30,Nebraska,45564,493,520,0
2020-10-01,Nebraska,46185,497,621,4
2020-10-02,Nebraska,46977,498,792,1
2020-10-03,Nebraska,47403,503,426,5
2020-10-04,Nebraska,47807,504,404,1
2020-10-05,Nebraska,48259,509,452,5
2020-10-06,Nebraska,48757,511,498,2
2020-10-07,Nebraska,49396,516,639,5
2020-10-08,Nebraska,50059,518,663,2
2020-10-09,Nebraska,50168,522,109,4
2020-10-10,Nebraska,51887,525,1719,3
2020-10-11,Nebraska,52382,525,495,0
2020-10-12,Nebraska,52839,529,457,4
2020-10-13,Nebraska,53543,533,704,4
2020-10-14,Nebraska,54467,536,924,3
2020-10-15,Nebraska,55428,546,961,10
2020-10-16,Nebraska,56724,556,1296,10
2020-10-17,Nebraska,57334,557,610,1
2020-10-18,Nebraska,58068,557,734,0
2020-10-19,Nebraska,58817,568,749,11
2020-10-20,Nebraska,59409,575,592,7
2020-10-21,Nebraska,60308,586,899,11
2020-10-22,Nebraska,61285,589,977,3
2020-10-23,Nebraska,62677,598,1392,9
2020-10-24,Nebraska,63264,607,587,9
2020-10-25,Nebraska,63849,608,585,1
2020-10-26,Nebraska,64692,612,843,4
2020-10-27,Nebraska,65552,626,860,14
2020-10-28,Nebraska,66682,634,1130,8
2020-10-29,Nebraska,68150,646,1468,12
2020-10-30,Nebraska,69699,648,1549,2
2020-10-31,Nebraska,70761,654,1062,6
2020-11-01,Nebraska,71666,661,905,7
2020-11-02,Nebraska,72905,662,1239,1
2020-11-03,Nebraska,74120,665,1215,3
2020-11-04,Nebraska,76145,676,2025,11
2020-11-05,Nebraska,78061,681,1916,5
2020-11-06,Nebraska,80693,710,2632,29
2020-11-07,Nebraska,82395,715,1702,5
2020-11-08,Nebraska,83969,715,1574,0
2020-11-09,Nebraska,85551,719,1582,4
2020-11-10,Nebraska,87743,745,2192,26
2020-11-11,Nebraska,89977,745,2234,0
2020-11-12,Nebraska,92737,772,2760,27
2020-11-13,Nebraska,95010,794,2273,22
2020-11-14,Nebraska,96834,795,1824,1
2020-11-15,Nebraska,98161,796,1327,1
2020-11-16,Nebraska,101707,810,3546,14
2020-11-17,Nebraska,103805,832,2098,22
2020-11-18,Nebraska,106617,842,2812,10
2020-11-19,Nebraska,109325,866,2708,24
2020-11-20,Nebraska,111915,925,2590,59
2020-11-21,Nebraska,113225,933,1310,8
2020-11-22,Nebraska,114061,937,836,4
2020-11-23,Nebraska,116434,962,2373,25
2020-11-24,Nebraska,117929,985,1495,23
2020-11-25,Nebraska,120459,1008,2530,23
2020-11-26,Nebraska,123124,1011,2665,3
2020-11-27,Nebraska,124664,1017,1540,6
2020-11-28,Nebraska,125820,1021,1156,4
2020-11-29,Nebraska,127022,1025,1202,4
2020-11-30,Nebraska,129043,1047,2021,22
2020-12-01,Nebraska,130796,1092,1753,45
2020-12-02,Nebraska,133139,1139,2343,47
2020-12-03,Nebraska,135123,1180,1984,41
2020-12-04,Nebraska,136968,1205,1845,25
2020-12-05,Nebraska,139103,1208,2135,3
2020-12-06,Nebraska,140318,1219,1215,11
2020-12-07,Nebraska,141918,1251,1600,32
2020-12-08,Nebraska,143328,1295,1410,44
2020-12-09,Nebraska,144755,1311,1427,16
2020-12-10,Nebraska,146456,1358,1701,47
2020-12-11,Nebraska,147727,1377,1271,19
2020-12-12,Nebraska,148467,1395,740,18
2020-12-13,Nebraska,149695,1399,1228,4
2020-12-14,Nebraska,150322,1442,627,43
2020-12-15,Nebraska,151901,1464,1579,22
2020-12-16,Nebraska,153244,1472,1343,8
2020-12-17,Nebraska,154425,1482,1181,10
2020-12-18,Nebraska,155764,1500,1339,18
2020-12-19,Nebraska,156433,1505,669,5
2020-12-20,Nebraska,157171,1515,738,10
2020-12-21,Nebraska,158119,1540,948,25
2020-12-22,Nebraska,159267,1553,1148,13
2020-12-23,Nebraska,160586,1597,1319,44
2020-12-24,Nebraska,161338,1601,752,4
2020-12-25,Nebraska,161960,1594,622,0
2020-12-26,Nebraska,162272,1595,312,1
2020-12-27,Nebraska,162886,1595,614,0
2020-12-28,Nebraska,163903,1625,1017,30
2020-12-29,Nebraska,164892,1641,989,16
2020-12-30,Nebraska,166385,1651,1493,10
2020-12-31,Nebraska,167795,1690,1410,39
2021-01-01,Nebraska,168567,1707,772,17
2021-01-02,Nebraska,169330,1708,763,1
2021-01-03,Nebraska,170037,1708,707,0
2021-01-04,Nebraska,170778,1727,741,19
2021-01-05,Nebraska,172067,1747,1289,20
2021-01-06,Nebraska,173625,1756,1558,9
2021-01-07,Nebraska,174590,1881,965,125
2021-01-08,Nebraska,175655,1808,1065,0
2021-01-09,Nebraska,176645,1812,990,4
2021-01-10,Nebraska,177001,1815,356,3
2021-01-11,Nebraska,177655,1835,654,20
2021-01-12,Nebraska,178690,1859,1035,24
2021-01-13,Nebraska,180160,1870,1470,11
2021-01-14,Nebraska,181091,1885,931,15
2021-01-15,Nebraska,181895,1904,804,19
2021-01-16,Nebraska,181895,1904,0,0
2021-01-17,Nebraska,182914,1905,1019,1
2021-01-18,Nebraska,183228,1908,314,3
2021-01-19,Nebraska,183687,1914,459,6
2021-01-20,Nebraska,185656,1936,1969,22
2021-01-21,Nebraska,186472,1949,816,13
2021-01-22,Nebraska,187496,1960,1024,11
2021-01-23,Nebraska,187974,1966,478,6
2021-01-24,Nebraska,188241,1966,267,0
2021-01-25,Nebraska,188850,1984,609,18
2021-01-26,Nebraska,189151,1997,301,13
2021-01-27,Nebraska,189847,2010,696,13
2021-01-28,Nebraska,190585,2013,738,3
2021-01-29,Nebraska,190709,2020,124,7
2021-01-30,Nebraska,191569,2025,860,5
2021-01-31,Nebraska,191763,2025,194,0
2021-02-01,Nebraska,192112,2031,349,6
2021-02-02,Nebraska,192553,2036,441,5
2021-02-03,Nebraska,193128,2042,575,6
2021-02-04,Nebraska,193612,2067,484,25
2021-02-05,Nebraska,194089,2076,477,9
2021-02-06,Nebraska,194422,2081,333,5
2021-02-07,Nebraska,194707,2081,285,0
2021-02-08,Nebraska,194957,2092,250,11
2021-02-09,Nebraska,195327,2100,370,8
2021-02-10,Nebraska,195828,2109,501,9
2021-02-11,Nebraska,196172,2117,344,8
2021-02-12,Nebraska,196616,2124,444,7
2021-02-13,Nebraska,197449,2123,833,0
2021-02-14,Nebraska,197658,2123,209,0
2021-02-15,Nebraska,197761,2124,103,1
2021-02-16,Nebraska,197904,2128,143,4
2021-02-17,Nebraska,198215,2146,311,18
2021-02-18,Nebraska,198481,2151,266,5
2021-02-19,Nebraska,198949,2167,468,16
2021-02-20,Nebraska,199162,2169,213,2
2021-02-21,Nebraska,199362,2169,200,0
2021-02-22,Nebraska,199619,2171,257,2
2021-02-23,Nebraska,199837,2172,218,1
2021-02-24,Nebraska,200260,2179,423,7
2021-02-25,Nebraska,200663,2183,403,4
2021-02-26,Nebraska,200866,2195,203,12
2021-02-27,Nebraska,201105,2199,239,4
2021-02-28,Nebraska,201298,2199,193,0
2021-03-01,Nebraska,201556,2205,258,6
2021-03-02,Nebraska,201894,2210,338,5
2021-03-03,Nebraska,202182,2213,288,3
2021-03-04,Nebraska,202521,2213,339,0
2021-03-05,Nebraska,202871,2222,350,9
2021-03-06,Nebraska,203084,2223,213,1
2021-03-07,Nebraska,203304,2223,220,0
2021-03-08,Nebraska,203546,2224,242,1
2021-03-09,Nebraska,203806,2221,260,0
2021-03-10,Nebraska,204144,2231,338,10
2021-03-11,Nebraska,204417,2234,273,3
2021-03-12,Nebraska,204722,2236,305,2
2021-03-13,Nebraska,204886,2236,164,0
2021-03-14,Nebraska,205049,2236,163,0
2021-03-15,Nebraska,205440,2236,391,0
2021-03-16,Nebraska,205646,2238,206,2
2021-03-17,Nebraska,205896,2238,250,0
2021-03-18,Nebraska,206196,2241,300,3
2021-03-19,Nebraska,206470,2243,274,2
2021-03-20,Nebraska,206685,2243,215,0
2021-03-21,Nebraska,206792,2243,107,0
2021-03-22,Nebraska,207124,2244,332,1
2021-03-23,Nebraska,207401,2244,277,0
2021-03-24,Nebraska,207634,2273,233,29
2021-03-25,Nebraska,207938,2280,304,7
2021-03-26,Nebraska,208213,2280,275,0
2021-03-27,Nebraska,208707,2281,494,1
2021-03-28,Nebraska,208867,2281,160,0
2021-03-29,Nebraska,208853,2280,0,0
2021-03-30,Nebraska,209163,2281,310,1
2021-03-31,Nebraska,209602,2282,439,1
2021-04-01,Nebraska,210155,2282,553,0
2021-04-02,Nebraska,211136,2282,981,0
2021-04-03,Nebraska,211570,2285,434,3
2021-04-04,Nebraska,211812,2285,242,0
2021-04-05,Nebraska,211958,2287,146,2
2021-04-06,Nebraska,212257,2288,299,1
2021-04-07,Nebraska,212785,2289,528,1
2021-04-08,Nebraska,213188,2315,403,26
2021-04-09,Nebraska,213574,2326,386,11
2021-04-10,Nebraska,214010,2327,436,1
2021-04-11,Nebraska,214207,2328,197,1
2021-04-12,Nebraska,214351,2332,144,4
2021-04-13,Nebraska,214682,2335,331,3
2021-04-14,Nebraska,215074,2327,392,0
2021-04-15,Nebraska,215383,2327,309,0
2021-04-16,Nebraska,215792,2330,409,3
2021-04-17,Nebraska,216297,2334,505,4
2021-04-18,Nebraska,216473,2334,176,0
2021-04-19,Nebraska,216613,2343,140,9
2021-04-20,Nebraska,217108,2347,495,4
2021-04-21,Nebraska,217596,2349,488,2
2021-04-22,Nebraska,217905,2349,309,0
2021-04-23,Nebraska,218197,2355,292,6
2021-04-24,Nebraska,218580,2356,383,1
2021-04-25,Nebraska,218732,2356,152,0
2021-04-26,Nebraska,218832,2361,100,5
2021-04-27,Nebraska,219090,2362,258,1
2021-04-28,Nebraska,219341,2362,251,0
2021-04-29,Nebraska,219559,2365,218,3
2021-04-30,Nebraska,219826,2366,267,1
2021-05-01,Nebraska,220032,2366,206,0
2021-05-02,Nebraska,220127,2366,95,0
2021-05-03,Nebraska,220225,2371,98,5
2021-05-04,Nebraska,220481,2372,256,1
2021-05-05,Nebraska,220720,2372,239,0
2021-05-06,Nebraska,220933,2379,213,7
2021-05-07,Nebraska,221153,2380,220,1
2021-05-08,Nebraska,221347,2378,194,0
2021-05-09,Nebraska,221434,2377,87,0
2021-05-10,Nebraska,221500,2374,66,0
2021-05-11,Nebraska,221911,2373,411,0
2021-05-12,Nebraska,222088,2385,177,12
2021-05-13,Nebraska,222247,2387,159,2
2021-05-14,Nebraska,222335,2378,88,0
2021-05-15,Nebraska,222335,2378,0,0
2021-05-16,Nebraska,222335,2378,0,0
2021-05-17,Nebraska,222512,2364,177,0
2021-05-18,Nebraska,222612,2364,100,0
2021-05-19,Nebraska,222676,2367,64,3
2021-05-20,Nebraska,222780,2368,104,1
