date,state,total cases,total deaths,new cases,new deaths
2020-03-04,New Jersey,1,0,1,0
2020-03-05,New Jersey,2,0,1,0
2020-03-06,New Jersey,4,0,2,0
2020-03-07,New Jersey,4,0,0,0
2020-03-08,New Jersey,6,0,2,0
2020-03-09,New Jersey,11,0,5,0
2020-03-10,New Jersey,15,1,4,1
2020-03-11,New Jersey,23,1,8,0
2020-03-12,New Jersey,29,1,6,0
2020-03-13,New Jersey,50,1,21,0
2020-03-14,New Jersey,75,2,25,1
2020-03-15,New Jersey,98,2,23,0
2020-03-16,New Jersey,176,3,78,1
2020-03-17,New Jersey,268,3,92,0
2020-03-18,New Jersey,427,5,159,2
2020-03-19,New Jersey,735,9,308,4
2020-03-20,New Jersey,896,11,161,2
2020-03-21,New Jersey,1336,16,440,5
2020-03-22,New Jersey,1914,20,578,4
2020-03-23,New Jersey,2844,27,930,7
2020-03-24,New Jersey,3675,44,831,17
2020-03-25,New Jersey,4402,62,727,18
2020-03-26,New Jersey,6876,82,2474,20
2020-03-27,New Jersey,8825,108,1949,26
2020-03-28,New Jersey,11124,140,2299,32
2020-03-29,New Jersey,13386,161,2262,21
2020-03-30,New Jersey,16636,199,3250,38
2020-03-31,New Jersey,18696,267,2060,68
2020-04-01,New Jersey,22255,355,3559,88
2020-04-02,New Jersey,25590,539,3335,184
2020-04-03,New Jersey,29895,647,4305,108
2020-04-04,New Jersey,34124,847,4229,200
2020-04-05,New Jersey,37505,917,3381,70
2020-04-06,New Jersey,41090,1005,3585,88
2020-04-07,New Jersey,44416,1232,3326,227
2020-04-08,New Jersey,47437,1504,3021,272
2020-04-09,New Jersey,51027,1700,3590,196
2020-04-10,New Jersey,54588,1932,3561,232
2020-04-11,New Jersey,58151,2183,3563,251
2020-04-12,New Jersey,61850,2350,3699,167
2020-04-13,New Jersey,64584,2443,2734,93
2020-04-14,New Jersey,68824,2805,4240,362
2020-04-15,New Jersey,71030,3156,2206,351
2020-04-16,New Jersey,75317,3518,4287,362
2020-04-17,New Jersey,78467,3840,3150,322
2020-04-18,New Jersey,81420,4070,2953,230
2020-04-19,New Jersey,85301,4202,3881,132
2020-04-20,New Jersey,88806,4377,3505,175
2020-04-21,New Jersey,92387,4753,3581,376
2020-04-22,New Jersey,95865,5063,3478,310
2020-04-23,New Jersey,99989,5368,4124,305
2020-04-24,New Jersey,102196,5617,2207,249
2020-04-25,New Jersey,105523,5863,3327,246
2020-04-26,New Jersey,109038,5938,3515,75
2020-04-27,New Jersey,111188,6044,2150,106
2020-04-28,New Jersey,113856,6442,2668,398
2020-04-29,New Jersey,116264,6770,2408,328
2020-04-30,New Jersey,118652,7228,2388,458
2020-05-01,New Jersey,121190,7538,2538,310
2020-05-02,New Jersey,123717,7742,2527,204
2020-05-03,New Jersey,126744,7871,3027,129
2020-05-04,New Jersey,128269,7910,1525,39
2020-05-05,New Jersey,130593,8244,2324,334
2020-05-06,New Jersey,131890,8549,1297,305
2020-05-07,New Jersey,133635,8801,1745,252
2020-05-08,New Jersey,135454,8952,1819,151
2020-05-09,New Jersey,137085,9116,1631,164
2020-05-10,New Jersey,138532,9255,1447,139
2020-05-11,New Jersey,139945,9310,1413,55
2020-05-12,New Jersey,140743,9508,798,198
2020-05-13,New Jersey,141560,9702,817,194
2020-05-14,New Jersey,142704,9946,1144,244
2020-05-15,New Jersey,143905,10138,1201,192
2020-05-16,New Jersey,145089,10249,1184,111
2020-05-17,New Jersey,146334,10356,1245,107
2020-05-18,New Jersey,148039,10435,1705,79
2020-05-19,New Jersey,149013,10586,974,151
2020-05-20,New Jersey,150399,10747,1386,161
2020-05-21,New Jersey,151472,10843,1073,96
2020-05-22,New Jersey,152719,10985,1247,142
2020-05-23,New Jersey,153104,11081,385,96
2020-05-24,New Jersey,154154,11133,1050,52
2020-05-25,New Jersey,155092,11144,938,11
2020-05-26,New Jersey,155764,11191,672,47
2020-05-27,New Jersey,156628,11339,864,148
2020-05-28,New Jersey,157815,11401,1187,62
2020-05-29,New Jersey,158844,11531,1029,130
2020-05-30,New Jersey,159608,11634,764,103
2020-05-31,New Jersey,160445,11698,837,64
2020-06-01,New Jersey,160918,11721,473,23
2020-06-02,New Jersey,161545,11770,627,49
2020-06-03,New Jersey,162068,11880,523,110
2020-06-04,New Jersey,162530,11970,462,90
2020-06-05,New Jersey,163336,12049,806,79
2020-06-06,New Jersey,163893,12106,557,57
2020-06-07,New Jersey,164164,12176,271,70
2020-06-08,New Jersey,164497,12214,333,38
2020-06-09,New Jersey,164796,12303,299,89
2020-06-10,New Jersey,165346,12377,550,74
2020-06-11,New Jersey,165816,12443,470,66
2020-06-12,New Jersey,166164,12489,348,46
2020-06-13,New Jersey,166605,12589,441,100
2020-06-14,New Jersey,166881,12625,276,36
2020-06-15,New Jersey,167103,12676,222,51
2020-06-16,New Jersey,167426,12727,323,51
2020-06-17,New Jersey,167703,12769,277,42
2020-06-18,New Jersey,168107,12800,404,31
2020-06-19,New Jersey,168496,12835,389,35
2020-06-20,New Jersey,168834,12857,338,22
2020-06-21,New Jersey,169142,12870,308,13
2020-06-22,New Jersey,169415,12895,273,25
2020-06-23,New Jersey,169734,12949,319,54
2020-06-24,New Jersey,169892,12995,158,46
2020-06-25,New Jersey,172050,14872,2158,1877
2020-06-26,New Jersey,172438,14914,388,42
2020-06-27,New Jersey,172727,14948,289,34
2020-06-28,New Jersey,173036,14975,309,27
2020-06-29,New Jersey,173126,14992,90,17
2020-06-30,New Jersey,173521,15035,395,43
2020-07-01,New Jersey,173782,15078,261,43
2020-07-02,New Jersey,174212,15107,430,29
2020-07-03,New Jersey,174598,15164,386,57
2020-07-04,New Jersey,174889,15189,291,25
2020-07-05,New Jersey,175258,15211,369,22
2020-07-06,New Jersey,175467,15229,209,18
2020-07-07,New Jersey,175734,15281,267,52
2020-07-08,New Jersey,175986,15423,252,142
2020-07-09,New Jersey,176217,15448,231,25
2020-07-10,New Jersey,176575,15479,358,31
2020-07-11,New Jersey,176906,15525,331,46
2020-07-12,New Jersey,177245,15525,339,0
2020-07-13,New Jersey,177469,15560,224,35
2020-07-14,New Jersey,177862,15582,393,22
2020-07-15,New Jersey,178252,15634,390,52
2020-07-16,New Jersey,178475,15665,223,31
2020-07-17,New Jersey,178525,15684,50,19
2020-07-18,New Jersey,178788,15699,263,15
2020-07-19,New Jersey,178757,15706,0,7
2020-07-20,New Jersey,178937,15715,180,9
2020-07-21,New Jersey,179230,15737,293,22
2020-07-22,New Jersey,179565,15707,335,0
2020-07-23,New Jersey,179807,15730,242,23
2020-07-24,New Jersey,180265,15765,458,35
2020-07-25,New Jersey,180778,15776,513,11
2020-07-26,New Jersey,181283,15787,505,11
2020-07-27,New Jersey,181732,15804,449,17
2020-07-28,New Jersey,182215,15825,483,21
2020-07-29,New Jersey,182641,15798,426,0
2020-07-30,New Jersey,182845,15809,204,11
2020-07-31,New Jersey,183535,15819,690,10
2020-08-01,New Jersey,183904,15830,369,11
2020-08-02,New Jersey,184225,15836,321,6
2020-08-03,New Jersey,184489,15846,264,10
2020-08-04,New Jersey,184845,15857,356,11
2020-08-05,New Jersey,185180,15842,335,0
2020-08-06,New Jersey,185554,15849,374,7
2020-08-07,New Jersey,185914,15860,360,11
2020-08-08,New Jersey,186282,15869,368,9
2020-08-09,New Jersey,186626,15874,344,5
2020-08-10,New Jersey,186884,15878,258,4
2020-08-11,New Jersey,187328,15890,444,12
2020-08-12,New Jersey,187777,15885,449,0
2020-08-13,New Jersey,188433,15893,656,8
2020-08-14,New Jersey,189003,15903,570,10
2020-08-15,New Jersey,189281,15910,278,7
2020-08-16,New Jersey,189294,15912,13,2
2020-08-17,New Jersey,189606,15916,312,4
2020-08-18,New Jersey,189937,15925,331,9
2020-08-19,New Jersey,190256,15926,319,1
2020-08-20,New Jersey,190356,15932,100,6
2020-08-21,New Jersey,190646,15941,290,9
2020-08-22,New Jersey,191175,15943,529,2
2020-08-23,New Jersey,191323,15946,148,3
2020-08-24,New Jersey,191548,15946,225,0
2020-08-25,New Jersey,191850,15953,302,7
2020-08-26,New Jersey,192086,15914,236,0
2020-08-27,New Jersey,192393,15921,307,7
2020-08-28,New Jersey,192751,15930,358,9
2020-08-29,New Jersey,193100,15933,349,3
2020-08-30,New Jersey,193391,15937,291,4
2020-08-31,New Jersey,193740,15945,349,8
2020-09-01,New Jersey,194070,15950,330,5
2020-09-02,New Jersey,194378,15964,308,14
2020-09-03,New Jersey,194756,15971,378,7
2020-09-04,New Jersey,195205,15978,449,7
2020-09-05,New Jersey,195530,15985,325,7
2020-09-06,New Jersey,195841,15989,311,4
2020-09-07,New Jersey,196173,15991,332,2
2020-09-08,New Jersey,196450,15996,277,5
2020-09-09,New Jersey,196779,16009,329,13
2020-09-10,New Jersey,197203,16014,424,5
2020-09-11,New Jersey,197677,16023,474,9
2020-09-12,New Jersey,198126,16027,449,4
2020-09-13,New Jersey,198423,16031,297,4
2020-09-14,New Jersey,198757,16034,334,3
2020-09-15,New Jersey,199193,16043,436,9
2020-09-16,New Jersey,199583,16054,390,11
2020-09-17,New Jersey,200152,16057,569,3
2020-09-18,New Jersey,200639,16061,487,4
2020-09-19,New Jersey,201100,16064,461,3
2020-09-20,New Jersey,201553,16067,453,3
2020-09-21,New Jersey,201945,16069,392,2
2020-09-22,New Jersey,202371,16076,426,7
2020-09-23,New Jersey,202779,16082,408,6
2020-09-24,New Jersey,203343,16091,564,9
2020-09-25,New Jersey,203891,16097,548,6
2020-09-26,New Jersey,204641,16103,750,6
2020-09-27,New Jersey,205339,16106,698,3
2020-09-28,New Jersey,205898,16107,559,1
2020-09-29,New Jersey,206354,16117,456,10
2020-09-30,New Jersey,207062,16122,708,5
2020-10-01,New Jersey,207676,16127,614,5
2020-10-02,New Jersey,208416,16131,740,4
2020-10-03,New Jersey,209363,16135,947,4
2020-10-04,New Jersey,209989,16136,626,1
2020-10-05,New Jersey,210500,16138,511,2
2020-10-06,New Jersey,211129,16147,629,9
2020-10-07,New Jersey,211638,16152,509,5
2020-10-08,New Jersey,212936,16161,1298,9
2020-10-09,New Jersey,213801,16164,865,3
2020-10-10,New Jersey,214665,16171,864,7
2020-10-11,New Jersey,215416,16174,751,3
2020-10-12,New Jersey,215885,16175,469,1
2020-10-13,New Jersey,216873,16182,988,7
2020-10-14,New Jersey,217812,16191,939,9
2020-10-15,New Jersey,218783,16197,971,6
2020-10-16,New Jersey,219593,16202,810,5
2020-10-17,New Jersey,220527,16204,934,2
2020-10-18,New Jersey,221802,16211,1275,7
2020-10-19,New Jersey,222994,16214,1192,3
2020-10-20,New Jersey,223982,16227,988,13
2020-10-21,New Jersey,225012,16245,1030,18
2020-10-22,New Jersey,226174,16263,1162,18
2020-10-23,New Jersey,227219,16273,1045,10
2020-10-24,New Jersey,229128,16281,1909,8
2020-10-25,New Jersey,230257,16285,1129,4
2020-10-26,New Jersey,231473,16292,1216,7
2020-10-27,New Jersey,233120,16306,1647,14
2020-10-28,New Jersey,234790,16324,1670,18
2020-10-29,New Jersey,236340,16332,1550,8
2020-10-30,New Jersey,238316,16339,1976,7
2020-10-31,New Jersey,239679,16350,1363,11
2020-11-01,New Jersey,241422,16354,1743,4
2020-11-02,New Jersey,242790,16357,1368,3
2020-11-03,New Jersey,244614,16371,1824,14
2020-11-04,New Jersey,247057,16391,2443,20
2020-11-05,New Jersey,249019,16403,1962,12
2020-11-06,New Jersey,251180,16416,2161,13
2020-11-07,New Jersey,254382,16425,3202,9
2020-11-08,New Jersey,256395,16429,2013,4
2020-11-09,New Jersey,258453,16440,2058,11
2020-11-10,New Jersey,262230,16461,3777,21
2020-11-11,New Jersey,265295,16476,3065,15
2020-11-12,New Jersey,268787,16495,3492,19
2020-11-13,New Jersey,272184,16522,3397,27
2020-11-14,New Jersey,276537,16548,4353,26
2020-11-15,New Jersey,281075,16566,4538,18
2020-11-16,New Jersey,283294,16580,2219,14
2020-11-17,New Jersey,287320,16618,4026,38
2020-11-18,New Jersey,291374,16655,4054,37
2020-11-19,New Jersey,295556,16689,4182,34
2020-11-20,New Jersey,299182,16712,3626,23
2020-11-21,New Jersey,303851,16746,4669,34
2020-11-22,New Jersey,307819,16761,3968,15
2020-11-23,New Jersey,311400,16772,3581,11
2020-11-24,New Jersey,315675,16819,4275,47
2020-11-25,New Jersey,319734,16886,4059,67
2020-11-26,New Jersey,324207,16925,4473,39
2020-11-27,New Jersey,328302,16942,4095,17
2020-11-28,New Jersey,332104,16965,3802,23
2020-11-29,New Jersey,335943,16978,3839,13
2020-11-30,New Jersey,339133,16993,3190,15
2020-12-01,New Jersey,343739,17083,4606,90
2020-12-02,New Jersey,348042,17145,4303,62
2020-12-03,New Jersey,352835,17209,4793,64
2020-12-04,New Jersey,358498,17255,5663,46
2020-12-05,New Jersey,363822,17306,5324,51
2020-12-06,New Jersey,369852,17321,6030,15
2020-12-07,New Jersey,373415,17336,3563,15
2020-12-08,New Jersey,378891,17426,5476,90
2020-12-09,New Jersey,383354,17542,4463,116
2020-12-10,New Jersey,388474,17608,5120,66
2020-12-11,New Jersey,392124,17662,3650,54
2020-12-12,New Jersey,398364,17732,6240,70
2020-12-13,New Jersey,402518,17751,4154,19
2020-12-14,New Jersey,407316,17775,4798,24
2020-12-15,New Jersey,411282,17872,3966,97
2020-12-16,New Jersey,416983,18003,5701,131
2020-12-17,New Jersey,421238,18080,4255,77
2020-12-18,New Jersey,425134,18124,3896,44
2020-12-19,New Jersey,429325,18173,4191,49
2020-12-20,New Jersey,434500,18194,5175,21
2020-12-21,New Jersey,437671,18223,3171,29
2020-12-22,New Jersey,442274,18326,4603,103
2020-12-23,New Jersey,447083,18466,4809,140
2020-12-24,New Jersey,451787,18544,4704,78
2020-12-25,New Jersey,456847,18595,5060,51
2020-12-26,New Jersey,460846,18613,3999,18
2020-12-27,New Jersey,463166,18630,2320,17
2020-12-28,New Jersey,465910,18651,2744,21
2020-12-29,New Jersey,469567,18777,3657,126
2020-12-30,New Jersey,474285,18952,4718,175
2020-12-31,New Jersey,479381,19042,5096,90
2021-01-01,New Jersey,484882,19160,5501,118
2021-01-02,New Jersey,490393,19187,5511,27
2021-01-03,New Jersey,494063,19208,3670,21
2021-01-04,New Jersey,545155,19244,51092,36
2021-01-05,New Jersey,551419,19382,6264,138
2021-01-06,New Jersey,557271,19523,5852,141
2021-01-07,New Jersey,564750,19646,7479,123
2021-01-08,New Jersey,571771,19756,7021,110
2021-01-09,New Jersey,579182,19854,7411,98
2021-01-10,New Jersey,584828,19886,5646,32
2021-01-11,New Jersey,590165,19932,5337,46
2021-01-12,New Jersey,594751,20039,4586,107
2021-01-13,New Jersey,602629,20166,7878,127
2021-01-14,New Jersey,609721,20253,7092,87
2021-01-15,New Jersey,616086,20320,6365,67
2021-01-16,New Jersey,622085,20414,5999,94
2021-01-17,New Jersey,627221,20439,5136,25
2021-01-18,New Jersey,631074,20458,3853,19
2021-01-19,New Jersey,635701,20512,4627,54
2021-01-20,New Jersey,641140,20667,5439,155
2021-01-21,New Jersey,646188,20760,5048,93
2021-01-22,New Jersey,650388,20875,4200,115
2021-01-23,New Jersey,657536,20934,7148,59
2021-01-24,New Jersey,662808,20951,5272,17
2021-01-25,New Jersey,666951,20972,4143,21
2021-01-26,New Jersey,671727,21105,4776,133
2021-01-27,New Jersey,676537,21234,4810,129
2021-01-28,New Jersey,681283,21301,4746,67
2021-01-29,New Jersey,687269,21383,5986,82
2021-01-30,New Jersey,692543,21455,5274,72
2021-01-31,New Jersey,696831,21484,4288,29
2021-02-01,New Jersey,700346,21513,3515,29
2021-02-02,New Jersey,703496,21584,3150,71
2021-02-03,New Jersey,705807,21693,2311,109
2021-02-04,New Jersey,709096,21793,3289,100
2021-02-05,New Jersey,713324,21886,4228,93
2021-02-06,New Jersey,717834,21964,4510,78
2021-02-07,New Jersey,722166,21989,4332,25
2021-02-08,New Jersey,724727,22011,2561,22
2021-02-09,New Jersey,728304,22103,3577,92
2021-02-10,New Jersey,732674,22191,4370,88
2021-02-11,New Jersey,736330,22329,3656,138
2021-02-12,New Jersey,740062,22393,3732,64
2021-02-13,New Jersey,743819,22440,3757,47
2021-02-14,New Jersey,745987,22454,2168,14
2021-02-15,New Jersey,747432,22466,1445,12
2021-02-16,New Jersey,751065,22497,3633,31
2021-02-17,New Jersey,755174,22589,4109,92
2021-02-18,New Jersey,758450,22721,3276,132
2021-02-19,New Jersey,761496,22784,3046,63
2021-02-20,New Jersey,764374,22834,2878,50
2021-02-21,New Jersey,766405,22858,2031,24
2021-02-22,New Jersey,769109,22874,2704,16
2021-02-23,New Jersey,772267,22978,3158,104
2021-02-24,New Jersey,775385,23035,3118,57
2021-02-25,New Jersey,778960,23105,3575,70
2021-02-26,New Jersey,782829,23192,3869,87
2021-02-27,New Jersey,786964,23238,4135,46
2021-02-28,New Jersey,789354,23252,2390,14
2021-03-01,New Jersey,792496,23273,3142,21
2021-03-02,New Jersey,795785,23321,3289,48
2021-03-03,New Jersey,799476,23383,3691,62
2021-03-04,New Jersey,802669,23491,3193,108
2021-03-05,New Jersey,806367,23521,3698,30
2021-03-06,New Jersey,810089,23557,3722,36
2021-03-07,New Jersey,812609,23574,2520,17
2021-03-08,New Jersey,814916,23590,2307,16
2021-03-09,New Jersey,819042,23635,4126,45
2021-03-10,New Jersey,822817,23691,3775,56
2021-03-11,New Jersey,826631,23737,3814,46
2021-03-12,New Jersey,830847,23854,4216,117
2021-03-13,New Jersey,834714,23888,3867,34
