date,state,total cases,total deaths,new cases,new deaths
2020-03-02,New Hampshire,1,0,1,0
2020-03-03,New Hampshire,2,0,1,0
2020-03-04,New Hampshire,2,0,0,0
2020-03-05,New Hampshire,2,0,0,0
2020-03-06,New Hampshire,2,0,0,0
2020-03-07,New Hampshire,4,0,2,0
2020-03-08,New Hampshire,4,0,0,0
2020-03-09,New Hampshire,4,0,0,0
2020-03-10,New Hampshire,5,0,1,0
2020-03-11,New Hampshire,5,0,0,0
2020-03-12,New Hampshire,6,0,1,0
2020-03-13,New Hampshire,7,0,1,0
2020-03-14,New Hampshire,7,0,0,0
2020-03-15,New Hampshire,13,0,6,0
2020-03-16,New Hampshire,17,0,4,0
2020-03-17,New Hampshire,26,0,9,0
2020-03-18,New Hampshire,39,0,13,0
2020-03-19,New Hampshire,44,0,5,0
2020-03-20,New Hampshire,55,0,11,0
2020-03-21,New Hampshire,65,0,10,0
2020-03-22,New Hampshire,78,0,13,0
2020-03-23,New Hampshire,101,1,23,1
2020-03-24,New Hampshire,108,1,7,0
2020-03-25,New Hampshire,137,1,29,0
2020-03-26,New Hampshire,158,1,21,0
2020-03-27,New Hampshire,187,2,29,1
2020-03-28,New Hampshire,214,2,27,0
2020-03-29,New Hampshire,258,3,44,1
2020-03-30,New Hampshire,314,3,56,0
2020-03-31,New Hampshire,367,3,53,0
2020-04-01,New Hampshire,415,4,48,1
2020-04-02,New Hampshire,479,5,64,1
2020-04-03,New Hampshire,540,7,61,2
2020-04-04,New Hampshire,621,9,81,2
2020-04-05,New Hampshire,669,9,48,0
2020-04-06,New Hampshire,715,9,46,0
2020-04-07,New Hampshire,747,13,32,4
2020-04-08,New Hampshire,788,18,41,5
2020-04-09,New Hampshire,819,21,31,3
2020-04-10,New Hampshire,885,22,66,1
2020-04-11,New Hampshire,929,23,44,1
2020-04-12,New Hampshire,985,23,56,0
2020-04-13,New Hampshire,1020,23,35,0
2020-04-14,New Hampshire,1091,27,71,4
2020-04-15,New Hampshire,1139,32,48,5
2020-04-16,New Hampshire,1211,34,72,2
2020-04-17,New Hampshire,1287,37,76,3
2020-04-18,New Hampshire,1342,38,55,1
2020-04-19,New Hampshire,1392,41,50,3
2020-04-20,New Hampshire,1447,42,55,1
2020-04-21,New Hampshire,1491,42,44,0
2020-04-22,New Hampshire,1588,48,97,6
2020-04-23,New Hampshire,1670,51,82,3
2020-04-24,New Hampshire,1720,53,50,2
2020-04-25,New Hampshire,1793,60,73,7
2020-04-26,New Hampshire,1864,60,71,0
2020-04-27,New Hampshire,1938,60,74,0
2020-04-28,New Hampshire,2010,60,72,0
2020-04-29,New Hampshire,2054,66,44,6
2020-04-30,New Hampshire,2146,72,92,6
2020-05-01,New Hampshire,2310,81,164,9
2020-05-02,New Hampshire,2429,84,119,3
2020-05-03,New Hampshire,2518,86,89,2
2020-05-04,New Hampshire,2588,86,70,0
2020-05-05,New Hampshire,2636,92,48,6
2020-05-06,New Hampshire,2741,111,105,19
2020-05-07,New Hampshire,2843,114,102,3
2020-05-08,New Hampshire,2947,121,104,7
2020-05-09,New Hampshire,3011,131,64,10
2020-05-10,New Hampshire,3071,133,60,2
2020-05-11,New Hampshire,3160,133,89,0
2020-05-12,New Hampshire,3239,142,79,9
2020-05-13,New Hampshire,3299,150,60,8
2020-05-14,New Hampshire,3382,151,83,1
2020-05-15,New Hampshire,3464,159,82,8
2020-05-16,New Hampshire,3556,171,92,12
2020-05-17,New Hampshire,3596,172,40,1
2020-05-18,New Hampshire,3652,172,56,0
2020-05-19,New Hampshire,3721,182,69,10
2020-05-20,New Hampshire,3868,190,147,8
2020-05-21,New Hampshire,3935,199,67,9
2020-05-22,New Hampshire,4014,204,79,5
2020-05-23,New Hampshire,4089,208,75,4
2020-05-24,New Hampshire,4149,209,60,1
2020-05-25,New Hampshire,4197,210,48,1
2020-05-26,New Hampshire,4231,214,34,4
2020-05-27,New Hampshire,4286,223,55,9
2020-05-28,New Hampshire,4389,232,103,9
2020-05-29,New Hampshire,4492,238,103,6
2020-05-30,New Hampshire,4545,242,53,4
2020-05-31,New Hampshire,4651,245,106,3
2020-06-01,New Hampshire,4685,245,34,0
2020-06-02,New Hampshire,4749,256,64,11
2020-06-03,New Hampshire,4795,265,46,9
2020-06-04,New Hampshire,4876,273,81,8
2020-06-05,New Hampshire,4953,278,77,5
2020-06-06,New Hampshire,5019,283,66,5
2020-06-07,New Hampshire,5043,286,24,3
2020-06-08,New Hampshire,5079,286,36,0
2020-06-09,New Hampshire,5132,294,53,8
2020-06-10,New Hampshire,5178,301,46,7
2020-06-11,New Hampshire,5209,308,31,7
2020-06-12,New Hampshire,5251,315,42,7
2020-06-13,New Hampshire,5299,318,48,3
2020-06-14,New Hampshire,5318,320,19,2
2020-06-15,New Hampshire,5345,320,27,0
2020-06-16,New Hampshire,5364,326,19,6
2020-06-17,New Hampshire,5436,330,72,4
2020-06-18,New Hampshire,5450,331,14,1
2020-06-19,New Hampshire,5486,337,36,6
2020-06-20,New Hampshire,5518,339,32,2
2020-06-21,New Hampshire,5544,339,26,0
2020-06-22,New Hampshire,5558,339,14,0
2020-06-23,New Hampshire,5571,343,13,4
2020-06-24,New Hampshire,5598,347,27,4
2020-06-25,New Hampshire,5638,357,40,10
2020-06-26,New Hampshire,5671,365,33,8
2020-06-27,New Hampshire,5717,367,46,2
2020-06-28,New Hampshire,5747,367,30,0
2020-06-29,New Hampshire,5760,367,13,0
2020-06-30,New Hampshire,5782,371,22,4
2020-07-01,New Hampshire,5802,373,20,2
2020-07-02,New Hampshire,5822,375,20,2
2020-07-03,New Hampshire,5857,376,35,1
2020-07-04,New Hampshire,5871,380,14,4
2020-07-05,New Hampshire,5897,381,26,1
2020-07-06,New Hampshire,5914,382,17,1
2020-07-07,New Hampshire,5932,384,18,2
2020-07-08,New Hampshire,5952,386,20,2
2020-07-09,New Hampshire,5973,387,21,1
2020-07-10,New Hampshire,5991,390,18,3
2020-07-11,New Hampshire,6024,391,33,1
2020-07-12,New Hampshire,6054,391,30,0
2020-07-13,New Hampshire,6068,391,14,0
2020-07-14,New Hampshire,6091,392,23,1
2020-07-15,New Hampshire,6113,394,22,2
2020-07-16,New Hampshire,6139,395,26,1
2020-07-17,New Hampshire,6165,395,26,0
2020-07-18,New Hampshire,6188,396,23,1
2020-07-19,New Hampshire,6203,398,15,2
2020-07-20,New Hampshire,6249,398,46,0
2020-07-21,New Hampshire,6262,400,13,2
2020-07-22,New Hampshire,6295,402,33,2
2020-07-23,New Hampshire,6318,405,23,3
2020-07-24,New Hampshire,6375,407,57,2
2020-07-25,New Hampshire,6415,409,40,2
2020-07-26,New Hampshire,6436,409,21,0
2020-07-27,New Hampshire,6441,409,5,0
2020-07-28,New Hampshire,6500,409,59,0
2020-07-29,New Hampshire,6513,411,13,2
2020-07-30,New Hampshire,6544,415,31,4
2020-07-31,New Hampshire,6583,415,39,0
2020-08-01,New Hampshire,6613,416,30,1
2020-08-02,New Hampshire,6634,417,21,1
2020-08-03,New Hampshire,6660,417,26,0
2020-08-04,New Hampshire,6693,418,33,1
2020-08-05,New Hampshire,6719,418,26,0
2020-08-06,New Hampshire,6742,419,23,1
2020-08-07,New Hampshire,6779,419,37,0
2020-08-08,New Hampshire,6818,419,39,0
2020-08-09,New Hampshire,6831,419,13,0
2020-08-10,New Hampshire,6840,419,9,0
2020-08-11,New Hampshire,6861,419,21,0
2020-08-12,New Hampshire,6887,420,26,1
2020-08-13,New Hampshire,6921,422,34,2
2020-08-14,New Hampshire,6964,423,43,1
2020-08-15,New Hampshire,6980,423,16,0
2020-08-16,New Hampshire,6988,423,8,0
2020-08-17,New Hampshire,7004,423,16,0
2020-08-18,New Hampshire,7017,424,13,1
2020-08-19,New Hampshire,7036,427,19,3
2020-08-20,New Hampshire,7050,428,14,1
2020-08-21,New Hampshire,7071,428,21,0
2020-08-22,New Hampshire,7092,429,21,1
2020-08-23,New Hampshire,7107,429,15,0
2020-08-24,New Hampshire,7134,429,27,0
2020-08-25,New Hampshire,7150,429,16,0
2020-08-26,New Hampshire,7159,430,9,1
2020-08-27,New Hampshire,7194,431,35,1
2020-08-28,New Hampshire,7216,432,22,1
2020-08-29,New Hampshire,7246,432,30,0
2020-08-30,New Hampshire,7254,432,8,0
2020-08-31,New Hampshire,7275,432,21,0
2020-09-01,New Hampshire,7297,432,22,0
2020-09-02,New Hampshire,7309,432,12,0
2020-09-03,New Hampshire,7347,432,38,0
2020-09-04,New Hampshire,7368,432,21,0
2020-09-05,New Hampshire,7424,432,56,0
2020-09-06,New Hampshire,7447,433,23,1
2020-09-07,New Hampshire,7476,433,29,0
2020-09-08,New Hampshire,7494,433,18,0
2020-09-09,New Hampshire,7517,433,23,0
2020-09-10,New Hampshire,7573,434,56,1
2020-09-11,New Hampshire,7620,434,47,0
2020-09-12,New Hampshire,7652,435,32,1
2020-09-13,New Hampshire,7696,436,44,1
2020-09-14,New Hampshire,7714,436,18,0
2020-09-15,New Hampshire,7748,438,34,2
2020-09-16,New Hampshire,7780,438,32,0
2020-09-17,New Hampshire,7814,438,34,0
2020-09-18,New Hampshire,7861,438,47,0
2020-09-19,New Hampshire,7920,438,59,0
2020-09-20,New Hampshire,7947,438,27,0
2020-09-21,New Hampshire,7952,438,5,0
2020-09-22,New Hampshire,7990,438,38,0
2020-09-23,New Hampshire,8007,438,17,0
2020-09-24,New Hampshire,8044,438,37,0
2020-09-25,New Hampshire,8085,438,41,0
2020-09-26,New Hampshire,8121,439,36,1
2020-09-27,New Hampshire,8172,439,51,0
2020-09-28,New Hampshire,8208,439,36,0
2020-09-29,New Hampshire,8233,439,25,0
2020-09-30,New Hampshire,8266,439,33,0
2020-10-01,New Hampshire,8317,441,51,2
2020-10-02,New Hampshire,8534,442,217,1
2020-10-03,New Hampshire,8597,442,63,0
2020-10-04,New Hampshire,8645,443,48,1
2020-10-05,New Hampshire,8680,444,35,1
2020-10-06,New Hampshire,8731,446,51,2
2020-10-07,New Hampshire,8800,448,69,2
2020-10-08,New Hampshire,8878,448,78,0
2020-10-09,New Hampshire,8970,450,92,2
2020-10-10,New Hampshire,9092,455,122,5
2020-10-11,New Hampshire,9143,456,51,1
2020-10-12,New Hampshire,9208,456,65,0
2020-10-13,New Hampshire,9279,456,71,0
2020-10-14,New Hampshire,9349,458,70,2
2020-10-15,New Hampshire,9426,463,77,5
2020-10-16,New Hampshire,9514,465,88,2
2020-10-17,New Hampshire,9625,466,111,1
2020-10-18,New Hampshire,9694,467,69,1
2020-10-19,New Hampshire,9746,468,52,1
2020-10-20,New Hampshire,9828,468,82,0
2020-10-21,New Hampshire,9917,469,89,1
2020-10-22,New Hampshire,9994,470,77,1
2020-10-23,New Hampshire,10112,471,118,1
2020-10-24,New Hampshire,10238,473,126,2
2020-10-25,New Hampshire,10328,473,90,0
2020-10-26,New Hampshire,10397,475,69,2
2020-10-27,New Hampshire,10530,475,133,0
2020-10-28,New Hampshire,10641,478,111,3
2020-10-29,New Hampshire,10768,482,127,4
2020-10-30,New Hampshire,10884,482,116,0
2020-10-31,New Hampshire,11084,483,200,1
2020-11-01,New Hampshire,11214,483,130,0
2020-11-02,New Hampshire,11320,483,106,0
2020-11-03,New Hampshire,11448,483,128,0
2020-11-04,New Hampshire,11563,484,115,1
2020-11-05,New Hampshire,11808,486,245,2
2020-11-06,New Hampshire,12012,488,204,2
2020-11-07,New Hampshire,12241,489,229,1
2020-11-08,New Hampshire,12488,489,247,0
2020-11-09,New Hampshire,12699,489,211,0
2020-11-10,New Hampshire,12919,489,220,0
2020-11-11,New Hampshire,13148,492,229,3
2020-11-12,New Hampshire,13470,495,322,3
2020-11-13,New Hampshire,13929,498,459,3
2020-11-14,New Hampshire,14311,499,382,1
2020-11-15,New Hampshire,14671,499,360,0
2020-11-16,New Hampshire,15029,500,358,1
2020-11-17,New Hampshire,15303,502,274,2
2020-11-18,New Hampshire,15749,504,446,2
2020-11-19,New Hampshire,16277,506,528,2
2020-11-20,New Hampshire,16797,507,520,1
2020-11-21,New Hampshire,17281,508,484,1
2020-11-22,New Hampshire,17598,512,317,4
2020-11-23,New Hampshire,18042,512,444,0
2020-11-24,New Hampshire,18382,513,340,1
2020-11-25,New Hampshire,18776,514,394,1
2020-11-26,New Hampshire,18776,514,0,0
2020-11-27,New Hampshire,19313,517,537,3
2020-11-28,New Hampshire,20002,523,689,6
2020-11-29,New Hampshire,20480,526,478,3
2020-11-30,New Hampshire,20994,526,514,0
2020-12-01,New Hampshire,21766,528,772,2
2020-12-02,New Hampshire,22332,537,566,9
2020-12-03,New Hampshire,22925,544,593,7
2020-12-04,New Hampshire,23690,552,765,8
2020-12-05,New Hampshire,24138,559,448,7
2020-12-06,New Hampshire,24771,564,633,5
2020-12-07,New Hampshire,25816,566,1045,2
2020-12-08,New Hampshire,26623,566,807,0
2020-12-09,New Hampshire,27592,570,969,4
2020-12-10,New Hampshire,28273,584,681,14
2020-12-11,New Hampshire,29460,590,1187,6
2020-12-12,New Hampshire,30244,600,784,10
2020-12-13,New Hampshire,30956,603,712,3
2020-12-14,New Hampshire,31875,604,919,1
2020-12-15,New Hampshire,32545,604,670,0
2020-12-16,New Hampshire,33433,625,888,21
2020-12-17,New Hampshire,34264,629,831,4
2020-12-18,New Hampshire,34960,638,696,9
2020-12-19,New Hampshire,35609,650,649,12
2020-12-20,New Hampshire,36542,656,933,6
2020-12-21,New Hampshire,37388,656,846,0
2020-12-22,New Hampshire,38008,656,620,0
2020-12-23,New Hampshire,38512,677,504,21
2020-12-24,New Hampshire,38902,690,390,13
2020-12-25,New Hampshire,38902,690,0,0
2020-12-26,New Hampshire,39933,701,1031,11
2020-12-27,New Hampshire,40809,708,876,7
2020-12-28,New Hampshire,41670,715,861,7
2020-12-29,New Hampshire,42697,735,1027,20
2020-12-30,New Hampshire,43242,741,545,6
2020-12-31,New Hampshire,44028,759,786,18
2021-01-01,New Hampshire,44028,759,0,0
2021-01-02,New Hampshire,45184,769,1156,10
2021-01-03,New Hampshire,46450,780,1266,11
2021-01-04,New Hampshire,47328,781,878,1
2021-01-05,New Hampshire,47992,792,664,11
2021-01-06,New Hampshire,48838,816,846,24
2021-01-07,New Hampshire,49261,827,423,11
2021-01-08,New Hampshire,50152,846,891,19
2021-01-09,New Hampshire,50871,862,719,16
2021-01-10,New Hampshire,51600,869,729,7
2021-01-11,New Hampshire,52307,869,707,0
2021-01-12,New Hampshire,53148,878,841,9
2021-01-13,New Hampshire,54125,885,977,7
2021-01-14,New Hampshire,54778,897,653,12
2021-01-15,New Hampshire,55500,908,722,11
2021-01-16,New Hampshire,55945,927,445,19
2021-01-17,New Hampshire,56864,933,919,6
2021-01-18,New Hampshire,57864,933,1000,0
2021-01-19,New Hampshire,58709,938,845,5
2021-01-20,New Hampshire,59437,950,728,12
2021-01-21,New Hampshire,60294,962,857,12
2021-01-22,New Hampshire,60951,971,657,9
2021-01-23,New Hampshire,61576,981,625,10
2021-01-24,New Hampshire,62337,987,761,6
2021-01-25,New Hampshire,62768,990,431,3
2021-01-26,New Hampshire,63172,994,404,4
2021-01-27,New Hampshire,63563,1006,391,12
2021-01-28,New Hampshire,64258,1022,695,16
2021-01-29,New Hampshire,64838,1036,580,14
2021-01-30,New Hampshire,65362,1042,524,6
2021-01-31,New Hampshire,65695,1057,333,15
2021-02-01,New Hampshire,66058,1059,363,2
2021-02-02,New Hampshire,66384,1066,326,7
2021-02-03,New Hampshire,66721,1076,337,10
2021-02-04,New Hampshire,67117,1085,396,9
2021-02-05,New Hampshire,67595,1091,478,6
2021-02-06,New Hampshire,68061,1098,466,7
2021-02-07,New Hampshire,68379,1104,318,6
2021-02-08,New Hampshire,68499,1106,120,2
2021-02-09,New Hampshire,68918,1109,419,3
2021-02-10,New Hampshire,69247,1116,329,7
2021-02-11,New Hampshire,69612,1117,365,1
2021-02-12,New Hampshire,70072,1126,460,9
2021-02-13,New Hampshire,70505,1130,433,4
2021-02-14,New Hampshire,70785,1133,280,3
2021-02-15,New Hampshire,71017,1135,232,2
2021-02-16,New Hampshire,71215,1136,198,1
2021-02-17,New Hampshire,71965,1148,750,12
2021-02-18,New Hampshire,72399,1150,434,2
2021-02-19,New Hampshire,72767,1152,368,2
2021-02-20,New Hampshire,73161,1153,394,1
2021-02-21,New Hampshire,73413,1154,252,1
2021-02-22,New Hampshire,73665,1154,252,0
2021-02-23,New Hampshire,73923,1155,258,1
2021-02-24,New Hampshire,74258,1157,335,2
2021-02-25,New Hampshire,74568,1163,310,6
2021-02-26,New Hampshire,74893,1167,325,4
2021-02-27,New Hampshire,75166,1170,273,3
2021-02-28,New Hampshire,75424,1170,258,0
2021-03-01,New Hampshire,75588,1170,164,0
2021-03-02,New Hampshire,75803,1170,215,0
2021-03-03,New Hampshire,75990,1175,187,5
2021-03-04,New Hampshire,76178,1178,188,3
2021-03-05,New Hampshire,76422,1178,244,0
2021-03-06,New Hampshire,76695,1181,273,3
2021-03-07,New Hampshire,76861,1184,166,3
2021-03-08,New Hampshire,77060,1184,199,0
2021-03-09,New Hampshire,77252,1185,192,1
2021-03-10,New Hampshire,77463,1187,211,2
2021-03-11,New Hampshire,77764,1191,301,4
2021-03-12,New Hampshire,78074,1195,310,4
2021-03-13,New Hampshire,78319,1199,245,4
2021-03-14,New Hampshire,78615,1199,296,0
2021-03-15,New Hampshire,78813,1199,198,0
2021-03-16,New Hampshire,79070,1202,257,3
2021-03-17,New Hampshire,79367,1202,297,0
2021-03-18,New Hampshire,79702,1207,335,5
