date,state,total cases,total deaths,new cases,new deaths
2020-03-03,North Carolina,1,0,1,0
2020-03-04,North Carolina,1,0,0,0
2020-03-05,North Carolina,1,0,0,0
2020-03-06,North Carolina,2,0,1,0
2020-03-07,North Carolina,2,0,0,0
2020-03-08,North Carolina,2,0,0,0
2020-03-09,North Carolina,7,0,5,0
2020-03-10,North Carolina,7,0,0,0
2020-03-11,North Carolina,8,0,1,0
2020-03-12,North Carolina,16,0,8,0
2020-03-13,North Carolina,18,0,2,0
2020-03-14,North Carolina,25,0,7,0
2020-03-15,North Carolina,32,0,7,0
2020-03-16,North Carolina,34,0,2,0
2020-03-17,North Carolina,42,0,8,0
2020-03-18,North Carolina,66,0,24,0
2020-03-19,North Carolina,104,0,38,0
2020-03-20,North Carolina,144,0,40,0
2020-03-21,North Carolina,184,0,40,0
2020-03-22,North Carolina,269,0,85,0
2020-03-23,North Carolina,302,0,33,0
2020-03-24,North Carolina,397,0,95,0
2020-03-25,North Carolina,562,1,165,1
2020-03-26,North Carolina,639,2,77,1
2020-03-27,North Carolina,784,3,145,1
2020-03-28,North Carolina,972,4,188,1
2020-03-29,North Carolina,1166,6,194,2
2020-03-30,North Carolina,1303,6,137,0
2020-03-31,North Carolina,1527,10,224,4
2020-04-01,North Carolina,1591,11,64,1
2020-04-02,North Carolina,1858,17,267,6
2020-04-03,North Carolina,2093,23,235,6
2020-04-04,North Carolina,2402,30,309,7
2020-04-05,North Carolina,2585,37,183,7
2020-04-06,North Carolina,2870,42,285,5
2020-04-07,North Carolina,3220,50,350,8
2020-04-08,North Carolina,3423,61,203,11
2020-04-09,North Carolina,3651,74,228,13
2020-04-10,North Carolina,3906,78,255,4
2020-04-11,North Carolina,4310,86,404,8
2020-04-12,North Carolina,4520,86,210,0
2020-04-13,North Carolina,4788,91,268,5
2020-04-14,North Carolina,4992,116,204,25
2020-04-15,North Carolina,5123,128,131,12
2020-04-16,North Carolina,5463,140,340,12
2020-04-17,North Carolina,5859,159,396,19
2020-04-18,North Carolina,6140,175,281,16
2020-04-19,North Carolina,6493,183,353,8
2020-04-20,North Carolina,6764,187,271,4
2020-04-21,North Carolina,6951,217,187,30
2020-04-22,North Carolina,7220,242,269,25
2020-04-23,North Carolina,7608,253,388,11
2020-04-24,North Carolina,8052,270,444,17
2020-04-25,North Carolina,8548,304,496,34
2020-04-26,North Carolina,8830,309,282,5
2020-04-27,North Carolina,9035,331,205,22
2020-04-28,North Carolina,9568,353,533,22
2020-04-29,North Carolina,9947,366,379,13
2020-04-30,North Carolina,10507,385,560,19
2020-05-01,North Carolina,10922,405,415,20
2020-05-02,North Carolina,11514,428,592,23
2020-05-03,North Carolina,11668,436,154,8
2020-05-04,North Carolina,11871,454,203,18
2020-05-05,North Carolina,12283,477,412,23
2020-05-06,North Carolina,12783,497,500,20
2020-05-07,North Carolina,13431,521,648,24
2020-05-08,North Carolina,13879,537,448,16
2020-05-09,North Carolina,14387,554,508,17
2020-05-10,North Carolina,14783,561,396,7
2020-05-11,North Carolina,15069,571,286,10
2020-05-12,North Carolina,15402,597,333,26
2020-05-13,North Carolina,15850,615,448,18
2020-05-14,North Carolina,16593,632,743,17
2020-05-15,North Carolina,17190,660,597,28
2020-05-16,North Carolina,18009,671,819,11
2020-05-17,North Carolina,18537,679,528,8
2020-05-18,North Carolina,19121,684,584,5
2020-05-19,North Carolina,19762,711,641,27
2020-05-20,North Carolina,20221,721,459,10
2020-05-21,North Carolina,20934,734,713,13
2020-05-22,North Carolina,21661,754,727,20
2020-05-23,North Carolina,22731,763,1070,9
2020-05-24,North Carolina,23231,771,500,8
2020-05-25,North Carolina,23997,780,766,9
2020-05-26,North Carolina,24188,789,191,9
2020-05-27,North Carolina,24787,827,599,38
2020-05-28,North Carolina,25616,859,829,32
2020-05-29,North Carolina,26735,888,1119,29
2020-05-30,North Carolina,27761,903,1026,15
2020-05-31,North Carolina,28686,911,925,8
2020-06-01,North Carolina,29368,923,682,12
2020-06-02,North Carolina,30052,950,684,27
2020-06-03,North Carolina,31013,971,961,21
2020-06-04,North Carolina,32276,993,1263,22
2020-06-05,North Carolina,33417,1001,1141,8
2020-06-06,North Carolina,34809,1020,1392,19
2020-06-07,North Carolina,35663,1024,854,4
2020-06-08,North Carolina,36581,1041,918,17
2020-06-09,North Carolina,37393,1069,812,28
2020-06-10,North Carolina,38305,1096,912,27
2020-06-11,North Carolina,39735,1114,1430,18
2020-06-12,North Carolina,41467,1128,1732,14
2020-06-13,North Carolina,42911,1135,1444,7
2020-06-14,North Carolina,44199,1139,1288,4
2020-06-15,North Carolina,45257,1156,1058,17
2020-06-16,North Carolina,46105,1185,848,29
2020-06-17,North Carolina,47142,1198,1037,13
2020-06-18,North Carolina,48426,1209,1284,11
2020-06-19,North Carolina,50014,1223,1588,14
2020-06-20,North Carolina,51640,1239,1626,16
2020-06-21,North Carolina,52854,1245,1214,6
2020-06-22,North Carolina,53840,1250,986,5
2020-06-23,North Carolina,54826,1276,986,26
2020-06-24,North Carolina,56263,1295,1437,19
2020-06-25,North Carolina,57540,1305,1277,10
2020-06-26,North Carolina,59257,1319,1717,14
2020-06-27,North Carolina,60709,1334,1452,15
2020-06-28,North Carolina,62178,1338,1469,4
2020-06-29,North Carolina,63692,1341,1514,3
2020-06-30,North Carolina,65064,1362,1372,21
2020-07-01,North Carolina,66815,1389,1751,27
2020-07-02,North Carolina,68512,1402,1697,13
2020-07-03,North Carolina,70451,1413,1939,11
2020-07-04,North Carolina,71735,1414,1284,1
2020-07-05,North Carolina,73096,1414,1361,0
2020-07-06,North Carolina,74933,1424,1837,10
2020-07-07,North Carolina,76188,1446,1255,22
2020-07-08,North Carolina,77661,1470,1473,24
2020-07-09,North Carolina,79564,1487,1903,17
2020-07-10,North Carolina,81737,1503,2173,16
2020-07-11,North Carolina,83996,1520,2259,17
2020-07-12,North Carolina,85831,1532,1835,12
2020-07-13,North Carolina,87653,1547,1822,15
2020-07-14,North Carolina,89767,1582,2114,35
2020-07-15,North Carolina,91573,1598,1806,16
2020-07-16,North Carolina,93657,1617,2084,19
2020-07-17,North Carolina,95633,1638,1976,21
2020-07-18,North Carolina,98067,1653,2434,15
2020-07-19,North Carolina,99841,1661,1774,8
2020-07-20,North Carolina,101176,1676,1335,15
2020-07-21,North Carolina,103047,1702,1871,26
2020-07-22,North Carolina,105138,1729,2091,27
2020-07-23,North Carolina,107050,1754,1912,25
2020-07-24,North Carolina,109206,1769,2156,15
2020-07-25,North Carolina,111282,1801,2076,32
2020-07-26,North Carolina,112802,1807,1520,6
2020-07-27,North Carolina,114612,1815,1810,8
2020-07-28,North Carolina,116300,1847,1688,32
2020-07-29,North Carolina,118027,1889,1727,42
2020-07-30,North Carolina,120391,1929,2364,40
2020-07-31,North Carolina,122370,1947,1979,18
2020-08-01,North Carolina,124015,1989,1645,42
2020-08-02,North Carolina,125281,1996,1266,7
2020-08-03,North Carolina,126748,2013,1467,17
2020-08-04,North Carolina,128236,2038,1488,25
2020-08-05,North Carolina,129454,2079,1218,41
2020-08-06,North Carolina,131478,2122,2024,43
2020-08-07,North Carolina,133033,2160,1555,38
2020-08-08,North Carolina,134915,2184,1882,24
2020-08-09,North Carolina,136250,2195,1335,11
2020-08-10,North Carolina,137006,2198,756,3
2020-08-11,North Carolina,138074,2238,1068,40
2020-08-12,North Carolina,139413,2277,1339,39
2020-08-13,North Carolina,141006,2313,1593,36
2020-08-14,North Carolina,142544,2344,1538,31
2020-08-15,North Carolina,143956,2370,1412,26
2020-08-16,North Carolina,145111,2372,1155,2
2020-08-17,North Carolina,145942,2384,831,12
2020-08-18,North Carolina,147141,2425,1199,41
2020-08-19,North Carolina,148491,2464,1350,39
2020-08-20,North Carolina,150422,2496,1931,32
2020-08-21,North Carolina,152344,2522,1922,26
2020-08-22,North Carolina,153966,2546,1622,24
2020-08-23,North Carolina,155390,2560,1424,14
2020-08-24,North Carolina,156927,2567,1537,7
2020-08-25,North Carolina,158185,2607,1258,40
2020-08-26,North Carolina,159708,2634,1523,27
2020-08-27,North Carolina,161715,2654,2007,20
2020-08-28,North Carolina,163154,2676,1439,22
2020-08-29,North Carolina,165533,2708,2379,32
2020-08-30,North Carolina,166510,2721,977,13
2020-08-31,North Carolina,167989,2733,1479,12
2020-09-01,North Carolina,169966,2769,1977,36
2020-09-02,North Carolina,171140,2806,1174,37
2020-09-03,North Carolina,172791,2829,1651,23
2020-09-04,North Carolina,174848,2868,2057,39
2020-09-05,North Carolina,176124,2913,1276,45
2020-09-06,North Carolina,177141,2920,1017,7
2020-09-07,North Carolina,178212,2920,1071,0
2020-09-08,North Carolina,179150,2942,938,22
2020-09-09,North Carolina,180061,2990,911,48
2020-09-10,North Carolina,181335,3016,1274,26
2020-09-11,North Carolina,182934,3050,1599,34
2020-09-12,North Carolina,184305,3073,1371,23
2020-09-13,North Carolina,185325,3080,1020,7
2020-09-14,North Carolina,186447,3094,1122,14
2020-09-15,North Carolina,187486,3135,1039,41
2020-09-16,North Carolina,188800,3176,1314,41
2020-09-17,North Carolina,190307,3208,1507,32
2020-09-18,North Carolina,191672,3232,1365,24
2020-09-19,North Carolina,192751,3260,1079,28
2020-09-20,North Carolina,193978,3270,1227,10
2020-09-21,North Carolina,195093,3283,1115,13
2020-09-22,North Carolina,196258,3320,1165,37
2020-09-23,North Carolina,197431,3345,1173,25
2020-09-24,North Carolina,199236,3380,1805,35
2020-09-25,North Carolina,204658,3427,5422,47
2020-09-26,North Carolina,206241,3458,1583,31
2020-09-27,North Carolina,207407,3460,1166,2
2020-09-28,North Carolina,208497,3469,1090,9
2020-09-29,North Carolina,209384,3511,887,42
2020-09-30,North Carolina,211004,3565,1620,54
2020-10-01,North Carolina,213218,3601,2214,36
2020-10-02,North Carolina,215035,3628,1817,27
2020-10-03,North Carolina,217049,3647,2014,19
2020-10-04,North Carolina,217641,3653,592,6
2020-10-05,North Carolina,220045,3656,2404,3
2020-10-06,North Carolina,221438,3691,1393,35
2020-10-07,North Carolina,223349,3716,1911,25
2020-10-08,North Carolina,225738,3744,2389,28
2020-10-09,North Carolina,227756,3768,2018,24
2020-10-10,North Carolina,229959,3786,2203,18
2020-10-11,North Carolina,231564,3791,1605,5
2020-10-12,North Carolina,233059,3799,1495,8
2020-10-13,North Carolina,234842,3849,1783,50
2020-10-14,North Carolina,236812,3882,1970,33
2020-10-15,North Carolina,239338,3899,2526,17
2020-10-16,North Carolina,242032,3938,2694,39
2020-10-17,North Carolina,244020,3955,1988,17
2020-10-18,North Carolina,246116,3961,2096,6
2020-10-19,North Carolina,247551,3969,1435,8
2020-10-20,North Carolina,249158,4018,1607,49
2020-10-21,North Carolina,251010,4063,1852,45
2020-10-22,North Carolina,253418,4110,2408,47
2020-10-23,North Carolina,255534,4140,2116,30
2020-10-24,North Carolina,258439,4170,2905,30
2020-10-25,North Carolina,260128,4183,1689,13
2020-10-26,North Carolina,262159,4200,2031,17
2020-10-27,North Carolina,264334,4236,2175,36
2020-10-28,North Carolina,266566,4275,2232,39
2020-10-29,North Carolina,269419,4307,2853,32
2020-10-30,North Carolina,272231,4354,2812,47
2020-10-31,North Carolina,274805,4400,2574,46
2020-11-01,North Carolina,276706,4405,1901,5
2020-11-02,North Carolina,278477,4413,1771,8
2020-11-03,North Carolina,280657,4481,2180,68
2020-11-04,North Carolina,283280,4535,2623,54
2020-11-05,North Carolina,286210,4572,2930,37
2020-11-06,North Carolina,289124,4608,2914,36
2020-11-07,North Carolina,291563,4629,2439,21
2020-11-08,North Carolina,293431,4630,1868,1
2020-11-09,North Carolina,295105,4638,1674,8
2020-11-10,North Carolina,298089,4685,2984,47
2020-11-11,North Carolina,300725,4723,2636,38
2020-11-12,North Carolina,303931,4730,3206,7
2020-11-13,North Carolina,306498,4749,2567,19
2020-11-14,North Carolina,309703,4783,3205,34
2020-11-15,North Carolina,312406,4830,2703,47
2020-11-16,North Carolina,315314,4843,2908,13
2020-11-17,North Carolina,318537,4881,3223,38
2020-11-18,North Carolina,322258,4927,3721,46
2020-11-19,North Carolina,325658,4968,3400,41
2020-11-20,North Carolina,330021,5012,4363,44
2020-11-21,North Carolina,333074,5035,3053,23
2020-11-22,North Carolina,336983,5062,3909,27
2020-11-23,North Carolina,339672,5076,2689,14
2020-11-24,North Carolina,343566,5114,3894,38
2020-11-25,North Carolina,348102,5177,4536,63
2020-11-26,North Carolina,348148,5177,46,0
2020-11-27,North Carolina,355664,5240,7516,63
2020-11-28,North Carolina,358654,5249,2990,9
2020-11-29,North Carolina,362124,5279,3470,30
2020-11-30,North Carolina,364968,5296,2844,17
2020-12-01,North Carolina,368615,5322,3647,26
2020-12-02,North Carolina,372525,5406,3910,84
2020-12-03,North Carolina,378370,5454,5845,48
2020-12-04,North Carolina,384165,5505,5795,51
2020-12-05,North Carolina,388760,5547,4595,42
2020-12-06,North Carolina,395020,5578,6260,31
2020-12-07,North Carolina,399796,5598,4776,20
2020-12-08,North Carolina,404520,5642,4724,44
2020-12-09,North Carolina,412140,5704,7620,62
2020-12-10,North Carolina,417951,5752,5811,48
2020-12-11,North Carolina,424991,5791,7040,39
2020-12-12,North Carolina,430325,5831,5334,40
2020-12-13,North Carolina,436655,5855,6330,24
2020-12-14,North Carolina,441721,5899,5066,44
2020-12-15,North Carolina,447303,5926,5582,27
2020-12-16,North Carolina,453628,6030,6325,104
2020-12-17,North Carolina,458739,6120,5111,90
2020-12-18,North Carolina,468195,6172,9456,52
2020-12-19,North Carolina,473691,6222,5496,50
2020-12-20,North Carolina,479875,6259,6184,37
2020-12-21,North Carolina,484513,6285,4638,26
2020-12-22,North Carolina,491242,6342,6729,57
2020-12-23,North Carolina,497869,6418,6627,76
2020-12-24,North Carolina,498005,6420,136,2
2020-12-25,North Carolina,498005,6420,0,0
2020-12-26,North Carolina,514724,6574,16719,154
2020-12-27,North Carolina,517449,6592,2725,18
2020-12-28,North Carolina,521990,6601,4541,9
2020-12-29,North Carolina,526439,6630,4449,29
2020-12-30,North Carolina,535120,6780,8681,150
2020-12-31,North Carolina,541070,6811,5950,31
2021-01-01,North Carolina,543976,6819,2906,8
2021-01-02,North Carolina,559942,6933,15966,114
2021-01-03,North Carolina,565260,6963,5318,30
2021-01-04,North Carolina,572018,7000,6758,37
2021-01-05,North Carolina,578309,7080,6291,80
2021-01-06,North Carolina,584694,7149,6385,69
2021-01-07,North Carolina,595308,7262,10614,113
2021-01-08,North Carolina,605187,7383,9879,121
2021-01-09,North Carolina,614715,7468,9528,85
2021-01-10,North Carolina,623503,7609,8788,141
2021-01-11,North Carolina,631345,7635,7842,26
2021-01-12,North Carolina,636681,7687,5336,52
2021-01-13,North Carolina,642003,7796,5322,109
2021-01-14,North Carolina,650815,7888,8812,92
2021-01-15,North Carolina,659707,7996,8892,108
2021-01-16,North Carolina,668165,8060,8458,64
2021-01-17,North Carolina,674771,8125,6606,65
2021-01-18,North Carolina,674508,8131,0,6
2021-01-19,North Carolina,683971,8196,9463,65
2021-01-20,North Carolina,691760,8267,7789,71
2021-01-21,North Carolina,697660,8397,5900,130
2021-01-22,North Carolina,706948,8511,9288,114
2021-01-23,North Carolina,713300,8623,6352,112
2021-01-24,North Carolina,718955,8739,5655,116
2021-01-25,North Carolina,724154,8777,5199,38
2021-01-26,North Carolina,728645,8839,4491,62
2021-01-27,North Carolina,733543,8959,4898,120
2021-01-28,North Carolina,740303,9099,6760,140
2021-01-29,North Carolina,747322,9213,7019,114
2021-01-30,North Carolina,747948,9215,626,2
2021-01-31,North Carolina,758158,9381,10210,166
2021-02-01,North Carolina,763358,9397,5200,16
2021-02-02,North Carolina,766378,9477,3020,80
2021-02-03,North Carolina,777071,9625,10693,148
2021-02-04,North Carolina,783575,9767,6504,142
2021-02-05,North Carolina,788516,9880,4941,113
2021-02-06,North Carolina,792618,9962,4102,82
2021-02-07,North Carolina,796986,10017,4368,55
2021-02-08,North Carolina,799879,10030,2893,13
2021-02-09,North Carolina,803935,10088,4056,58
2021-02-10,North Carolina,807554,10226,3619,138
2021-02-11,North Carolina,812155,10336,4601,110
2021-02-12,North Carolina,816212,10408,4057,72
2021-02-13,North Carolina,819751,10482,3539,74
2021-02-14,North Carolina,822542,10524,2791,42
2021-02-15,North Carolina,825692,10545,3150,21
2021-02-16,North Carolina,827985,10611,2293,66
2021-02-17,North Carolina,830932,10712,2947,101
2021-02-18,North Carolina,834923,10804,3991,92
2021-02-19,North Carolina,838126,10863,3203,59
2021-02-20,North Carolina,841315,10930,3189,67
2021-02-21,North Carolina,843395,10957,2080,27
2021-02-22,North Carolina,846084,10976,2689,19
2021-02-23,North Carolina,847652,11007,1568,31
2021-02-24,North Carolina,850960,11100,3308,93
2021-02-25,North Carolina,854394,11162,3434,62
2021-02-26,North Carolina,857203,11216,2809,54
2021-02-27,North Carolina,859527,11240,2324,24
2021-02-28,North Carolina,859527,11241,0,1
2021-03-01,North Carolina,862880,11286,3353,45
2021-03-02,North Carolina,864656,11320,1776,34
2021-03-03,North Carolina,866725,11389,2069,69
2021-03-04,North Carolina,869364,11434,2639,45
2021-03-05,North Carolina,871407,11475,2043,41
2021-03-06,North Carolina,873169,11520,1762,45
2021-03-07,North Carolina,873169,11522,0,2
2021-03-08,North Carolina,875966,11556,2797,34
2021-03-09,North Carolina,877212,11577,1246,21
2021-03-10,North Carolina,879027,11628,1815,51
2021-03-11,North Carolina,881110,11649,2083,21
2021-03-12,North Carolina,883075,11688,1965,39
2021-03-13,North Carolina,883888,11716,813,28
2021-03-14,North Carolina,883888,11719,0,3
2021-03-15,North Carolina,887002,11739,3114,20
2021-03-16,North Carolina,888797,11753,1795,14
2021-03-17,North Carolina,890484,11783,1687,30
2021-03-18,North Carolina,892813,11812,2329,29
2021-03-19,North Carolina,894586,11833,1773,21
2021-03-20,North Carolina,896395,11848,1809,15
2021-03-21,North Carolina,896395,11849,0,1
2021-03-22,North Carolina,899303,11865,2908,16
2021-03-23,North Carolina,900546,11878,1243,13
2021-03-24,North Carolina,902610,11975,2064,97
2021-03-25,North Carolina,904665,12025,2055,50
2021-03-26,North Carolina,906770,12049,2105,24
2021-03-27,North Carolina,906770,12049,0,0
2021-03-28,North Carolina,906770,12051,0,2
2021-03-29,North Carolina,912026,12110,5256,59
2021-03-30,North Carolina,913515,12116,1489,6
2021-03-31,North Carolina,915456,12137,1941,21
2021-04-01,North Carolina,917474,12160,2018,23
2021-04-02,North Carolina,917474,12161,0,1
2021-04-03,North Carolina,917474,12161,0,0
2021-04-04,North Carolina,917565,12161,91,0
2021-04-05,North Carolina,923688,12200,6123,39
2021-04-06,North Carolina,924682,12211,994,11
2021-04-07,North Carolina,926071,12235,1389,24
2021-04-08,North Carolina,928095,12250,2024,15
2021-04-09,North Carolina,930371,12273,2276,23
2021-04-10,North Carolina,930371,12274,0,1
2021-04-11,North Carolina,930470,12276,99,2
2021-04-12,North Carolina,936163,12320,5693,44
2021-04-13,North Carolina,937761,12335,1598,15
2021-04-14,North Carolina,940109,12353,2348,18
2021-04-15,North Carolina,942441,12385,2332,32
2021-04-16,North Carolina,944749,12414,2308,29
2021-04-17,North Carolina,944749,12416,0,2
2021-04-18,North Carolina,944749,12416,0,0
2021-04-19,North Carolina,950370,12443,5621,27
2021-04-20,North Carolina,951660,12460,1290,17
2021-04-21,North Carolina,953452,12500,1792,40
2021-04-22,North Carolina,955791,12534,2339,34
2021-04-23,North Carolina,957785,12552,1994,18
2021-04-24,North Carolina,957970,12553,185,1
2021-04-25,North Carolina,957970,12553,0,0
2021-04-26,North Carolina,962978,12587,5008,34
2021-04-27,North Carolina,964612,12611,1634,24
2021-04-28,North Carolina,966397,12642,1785,31
2021-04-29,North Carolina,968342,12658,1945,16
2021-04-30,North Carolina,970599,12676,2257,18
2021-05-01,North Carolina,970673,12677,74,1
2021-05-02,North Carolina,970673,12677,0,0
2021-05-03,North Carolina,974852,12715,4179,38
2021-05-04,North Carolina,976059,12723,1207,8
2021-05-05,North Carolina,977466,12744,1407,21
2021-05-06,North Carolina,979336,12761,1870,17
2021-05-07,North Carolina,981197,12804,1861,43
2021-05-08,North Carolina,981358,12803,161,0
2021-05-09,North Carolina,981358,12803,0,0
2021-05-10,North Carolina,984647,12814,3289,11
2021-05-11,North Carolina,985664,12826,1017,12
2021-05-12,North Carolina,987144,12854,1480,28
2021-05-13,North Carolina,988497,12876,1353,22
2021-05-14,North Carolina,989865,12885,1368,9
2021-05-15,North Carolina,990114,12885,249,0
2021-05-16,North Carolina,990114,12885,0,0
2021-05-17,North Carolina,992520,12915,2406,30
2021-05-18,North Carolina,993211,12934,691,19
2021-05-19,North Carolina,994187,12962,976,28
2021-05-20,North Carolina,995303,12974,1116,12
2021-05-21,North Carolina,996385,12982,1082,8
2021-05-22,North Carolina,996511,12984,126,2
2021-05-23,North Carolina,996511,12984,0,0
2021-05-24,North Carolina,998658,13010,2147,26
2021-05-25,North Carolina,999342,13027,684,17
2021-05-26,North Carolina,1000144,13054,802,27
2021-05-27,North Carolina,1001048,13075,904,21
2021-05-28,North Carolina,1001817,13100,769,25
2021-05-29,North Carolina,1001825,13101,8,1
2021-05-30,North Carolina,1001893,13101,68,0
2021-05-31,North Carolina,1001893,13101,0,0
