date,state,total cases,total deaths,new cases,new deaths
2020-03-09,Ohio,3,0,3,0
2020-03-10,Ohio,3,0,0,0
2020-03-11,Ohio,4,0,1,0
2020-03-12,Ohio,5,0,1,0
2020-03-13,Ohio,13,0,8,0
2020-03-14,Ohio,26,0,13,0
2020-03-15,Ohio,37,0,11,0
2020-03-16,Ohio,50,0,13,0
2020-03-17,Ohio,67,0,17,0
2020-03-18,Ohio,90,0,23,0
2020-03-19,Ohio,120,0,30,0
2020-03-20,Ohio,169,1,49,1
2020-03-21,Ohio,247,3,78,2
2020-03-22,Ohio,351,3,104,0
2020-03-23,Ohio,444,6,93,3
2020-03-24,Ohio,564,8,120,2
2020-03-25,Ohio,707,11,143,3
2020-03-26,Ohio,867,15,160,4
2020-03-27,Ohio,1144,22,277,7
2020-03-28,Ohio,1406,25,262,3
2020-03-29,Ohio,1665,30,259,5
2020-03-30,Ohio,1933,40,268,10
2020-03-31,Ohio,2199,55,266,15
2020-04-01,Ohio,2548,65,349,10
2020-04-02,Ohio,2903,81,355,16
2020-04-03,Ohio,3312,91,409,10
2020-04-04,Ohio,3739,102,427,11
2020-04-05,Ohio,4043,119,304,17
2020-04-06,Ohio,4450,142,407,23
2020-04-07,Ohio,4783,167,333,25
2020-04-08,Ohio,5149,193,366,26
2020-04-09,Ohio,5513,213,364,20
2020-04-10,Ohio,5879,231,366,18
2020-04-11,Ohio,6251,247,372,16
2020-04-12,Ohio,6605,253,354,6
2020-04-13,Ohio,6975,274,370,21
2020-04-14,Ohio,7280,324,305,50
2020-04-15,Ohio,7791,361,511,37
2020-04-16,Ohio,8414,389,623,28
2020-04-17,Ohio,9107,418,693,29
2020-04-18,Ohio,10222,451,1115,33
2020-04-19,Ohio,11602,471,1380,20
2020-04-20,Ohio,12919,509,1317,38
2020-04-21,Ohio,13725,557,806,48
2020-04-22,Ohio,14117,610,392,53
2020-04-23,Ohio,14694,656,577,46
2020-04-24,Ohio,15169,690,475,34
2020-04-25,Ohio,15587,711,418,21
2020-04-26,Ohio,15963,728,376,17
2020-04-27,Ohio,16325,753,362,25
2020-04-28,Ohio,16769,799,444,46
2020-04-29,Ohio,17303,937,534,138
2020-04-30,Ohio,18027,975,724,38
2020-05-01,Ohio,18743,1002,716,27
2020-05-02,Ohio,19335,1021,592,19
2020-05-03,Ohio,19914,1038,579,17
2020-05-04,Ohio,20474,1056,560,18
2020-05-05,Ohio,20969,1135,495,79
2020-05-06,Ohio,21576,1225,607,90
2020-05-07,Ohio,22131,1271,555,46
2020-05-08,Ohio,23018,1306,887,35
2020-05-09,Ohio,23697,1331,679,25
2020-05-10,Ohio,24086,1341,389,10
2020-05-11,Ohio,24785,1357,699,16
2020-05-12,Ohio,25257,1436,472,79
2020-05-13,Ohio,25727,1483,470,47
2020-05-14,Ohio,26363,1534,636,51
2020-05-15,Ohio,26956,1581,593,47
2020-05-16,Ohio,27476,1610,520,29
2020-05-17,Ohio,27925,1625,449,15
2020-05-18,Ohio,28455,1657,530,32
2020-05-19,Ohio,28953,1720,498,63
2020-05-20,Ohio,29437,1781,484,61
2020-05-21,Ohio,30168,1836,731,55
2020-05-22,Ohio,30795,1872,627,36
2020-05-23,Ohio,31408,1956,613,84
2020-05-24,Ohio,31911,1969,503,13
2020-05-25,Ohio,32477,1987,566,18
2020-05-26,Ohio,33006,2002,529,15
2020-05-27,Ohio,33439,2044,433,42
2020-05-28,Ohio,33915,2098,476,54
2020-05-29,Ohio,34566,2131,651,33
2020-05-30,Ohio,35034,2149,468,18
2020-05-31,Ohio,35513,2155,479,6
2020-06-01,Ohio,35984,2206,471,51
2020-06-02,Ohio,36350,2258,366,52
2020-06-03,Ohio,36792,2299,442,41
2020-06-04,Ohio,37282,2339,490,40
2020-06-05,Ohio,37758,2355,476,16
2020-06-06,Ohio,38111,2370,353,15
2020-06-07,Ohio,38476,2377,365,7
2020-06-08,Ohio,38837,2404,361,27
2020-06-09,Ohio,39162,2421,325,17
2020-06-10,Ohio,39575,2457,413,36
2020-06-11,Ohio,40004,2490,429,33
2020-06-12,Ohio,40424,2508,420,18
2020-06-13,Ohio,40848,2554,424,46
2020-06-14,Ohio,41148,2557,300,3
2020-06-15,Ohio,41576,2573,428,16
2020-06-16,Ohio,42010,2597,434,24
2020-06-17,Ohio,42422,2611,412,14
2020-06-18,Ohio,43122,2633,700,22
2020-06-19,Ohio,43731,2667,609,34
2020-06-20,Ohio,44262,2697,531,30
2020-06-21,Ohio,44808,2700,546,3
2020-06-22,Ohio,45537,2704,729,4
2020-06-23,Ohio,46127,2735,590,31
2020-06-24,Ohio,46759,2755,632,20
2020-06-25,Ohio,47651,2772,892,17
2020-06-26,Ohio,48638,2788,987,16
2020-06-27,Ohio,49455,2804,817,16
2020-06-28,Ohio,50309,2807,854,3
2020-06-29,Ohio,51046,2818,737,11
2020-06-30,Ohio,51789,2863,743,45
2020-07-01,Ohio,52865,2876,1076,13
2020-07-02,Ohio,54166,2903,1301,27
2020-07-03,Ohio,55257,2903,1091,0
2020-07-04,Ohio,56183,2907,926,4
2020-07-05,Ohio,57151,2911,968,4
2020-07-06,Ohio,57956,2927,805,16
2020-07-07,Ohio,58904,2970,948,43
2020-07-08,Ohio,60181,2991,1277,21
2020-07-09,Ohio,61331,3006,1150,15
2020-07-10,Ohio,62856,3032,1525,26
2020-07-11,Ohio,64214,3036,1358,4
2020-07-12,Ohio,65592,3058,1378,22
2020-07-13,Ohio,66853,3064,1261,6
2020-07-14,Ohio,67995,3069,1142,5
2020-07-15,Ohio,69311,3075,1316,6
2020-07-16,Ohio,70601,3103,1290,28
2020-07-17,Ohio,72280,3112,1679,9
2020-07-18,Ohio,73822,3132,1542,20
2020-07-19,Ohio,74932,3174,1110,42
2020-07-20,Ohio,76168,3189,1236,15
2020-07-21,Ohio,77215,3219,1047,30
2020-07-22,Ohio,78742,3235,1527,16
2020-07-23,Ohio,80186,3256,1444,21
2020-07-24,Ohio,81746,3297,1560,41
2020-07-25,Ohio,83184,3297,1438,0
2020-07-26,Ohio,84073,3307,889,10
2020-07-27,Ohio,85177,3344,1104,37
2020-07-28,Ohio,86497,3382,1320,38
2020-07-29,Ohio,87893,3422,1396,40
2020-07-30,Ohio,89626,3442,1733,20
2020-07-31,Ohio,91159,3489,1533,47
2020-08-01,Ohio,92087,3515,928,26
2020-08-02,Ohio,93031,3529,944,14
2020-08-03,Ohio,93963,3539,932,10
2020-08-04,Ohio,95106,3570,1143,31
2020-08-05,Ohio,96305,3596,1199,26
2020-08-06,Ohio,97471,3618,1166,22
2020-08-07,Ohio,98675,3652,1204,34
2020-08-08,Ohio,99969,3668,1294,16
2020-08-09,Ohio,100848,3669,879,1
2020-08-10,Ohio,101731,3673,883,4
2020-08-11,Ohio,102826,3708,1095,35
2020-08-12,Ohio,104248,3734,1422,26
2020-08-13,Ohio,105426,3755,1178,21
2020-08-14,Ohio,106557,3784,1131,29
2020-08-15,Ohio,107674,3824,1117,40
2020-08-16,Ohio,108287,3826,613,2
2020-08-17,Ohio,109062,3832,775,6
2020-08-18,Ohio,109923,3871,861,39
2020-08-19,Ohio,110881,3907,958,36
2020-08-20,Ohio,112003,3929,1122,22
2020-08-21,Ohio,113046,3955,1043,26
2020-08-22,Ohio,114165,3975,1119,20
2020-08-23,Ohio,114802,3978,637,3
2020-08-24,Ohio,115651,3986,849,8
2020-08-25,Ohio,116495,3996,844,10
2020-08-26,Ohio,117584,4044,1089,48
2020-08-27,Ohio,118828,4076,1244,32
2020-08-28,Ohio,120124,4105,1296,29
2020-08-29,Ohio,121340,4126,1216,21
2020-08-30,Ohio,122262,4128,922,2
2020-08-31,Ohio,123157,4138,895,10
2020-09-01,Ohio,124610,4165,1453,27
2020-09-02,Ohio,125767,4176,1157,11
2020-09-03,Ohio,127112,4226,1345,50
2020-09-04,Ohio,128444,4248,1332,22
2020-09-05,Ohio,129785,4256,1341,8
2020-09-06,Ohio,130558,4259,773,3
2020-09-07,Ohio,131336,4276,778,17
2020-09-08,Ohio,131992,4298,656,22
2020-09-09,Ohio,132965,4324,973,26
2020-09-10,Ohio,134086,4354,1121,30
2020-09-11,Ohio,135326,4403,1240,49
2020-09-12,Ohio,136568,4411,1242,8
2020-09-13,Ohio,137405,4415,837,4
2020-09-14,Ohio,138484,4419,1079,4
2020-09-15,Ohio,139485,4506,1001,87
2020-09-16,Ohio,140518,4555,1033,49
2020-09-17,Ohio,141585,4580,1067,25
2020-09-18,Ohio,142596,4608,1011,28
2020-09-19,Ohio,143547,4612,951,4
2020-09-20,Ohio,144309,4615,762,3
2020-09-21,Ohio,145165,4623,856,8
2020-09-22,Ohio,145850,4635,685,12
2020-09-23,Ohio,146753,4687,903,52
2020-09-24,Ohio,147744,4715,991,28
2020-09-25,Ohio,148894,4734,1150,19
2020-09-26,Ohio,150009,4740,1115,6
2020-09-27,Ohio,150809,4741,800,1
2020-09-28,Ohio,151802,4746,993,5
2020-09-29,Ohio,152907,4783,1105,37
2020-09-30,Ohio,153987,4804,1080,21
2020-10-01,Ohio,155314,4817,1327,13
2020-10-02,Ohio,156809,4905,1495,88
2020-10-03,Ohio,157966,4925,1157,20
2020-10-04,Ohio,158907,4925,941,0
2020-10-05,Ohio,159964,4931,1057,6
2020-10-06,Ohio,161299,4947,1335,16
2020-10-07,Ohio,162723,4970,1424,23
2020-10-08,Ohio,164262,4983,1539,13
2020-10-09,Ohio,166102,4994,1840,11
2020-10-10,Ohio,167458,4997,1356,3
2020-10-11,Ohio,168749,4999,1291,2
2020-10-12,Ohio,170179,5005,1430,6
2020-10-13,Ohio,171626,5017,1447,12
2020-10-14,Ohio,173665,5033,2039,16
2020-10-15,Ohio,175843,5038,2178,5
2020-10-16,Ohio,177991,5054,2148,16
2020-10-17,Ohio,180225,5067,2234,13
2020-10-18,Ohio,181787,5067,1562,0
2020-10-19,Ohio,183624,5075,1837,8
2020-10-20,Ohio,185639,5083,2015,8
2020-10-21,Ohio,188005,5149,2366,66
2020-10-22,Ohio,190430,5161,2425,12
2020-10-23,Ohio,192948,5184,2518,23
2020-10-24,Ohio,195806,5206,2858,22
2020-10-25,Ohio,198115,5206,2309,0
2020-10-26,Ohio,200231,5217,2116,11
2020-10-27,Ohio,202740,5239,2509,22
2020-10-28,Ohio,205347,5256,2607,17
2020-10-29,Ohio,208937,5275,3590,19
2020-10-30,Ohio,212782,5291,3845,16
2020-10-31,Ohio,215697,5301,2915,10
2020-11-01,Ohio,219000,5303,3303,2
2020-11-02,Ohio,221909,5340,2909,37
2020-11-03,Ohio,226138,5373,4229,33
2020-11-04,Ohio,230209,5428,4071,55
2020-11-05,Ohio,235170,5461,4961,33
2020-11-06,Ohio,240178,5494,5008,33
2020-11-07,Ohio,245727,5506,5549,12
2020-11-08,Ohio,250268,5517,4541,11
2020-11-09,Ohio,254974,5524,4706,7
2020-11-10,Ohio,261482,5547,6508,23
2020-11-11,Ohio,267356,5623,5874,76
2020-11-12,Ohio,274457,5658,7101,35
2020-11-13,Ohio,282528,5700,8071,42
2020-11-14,Ohio,290243,5714,7715,14
2020-11-15,Ohio,298096,5722,7853,8
2020-11-16,Ohio,305364,5742,7268,20
2020-11-17,Ohio,312443,5772,7079,30
2020-11-18,Ohio,318828,5827,6385,55
2020-11-19,Ohio,326615,5890,7787,63
2020-11-20,Ohio,335423,5955,8808,65
2020-11-21,Ohio,343286,5984,7863,29
2020-11-22,Ohio,351419,5996,8133,12
2020-11-23,Ohio,363304,6020,11885,24
2020-11-24,Ohio,371908,6118,8604,98
2020-11-25,Ohio,382743,6274,10835,156
2020-11-26,Ohio,382743,6274,0,0
2020-11-27,Ohio,399808,6346,17065,72
2020-11-28,Ohio,406703,6378,6895,32
2020-11-29,Ohio,414432,6399,7729,21
2020-11-30,Ohio,421063,6429,6631,30
2020-12-01,Ohio,430093,6548,9030,119
2020-12-02,Ohio,437928,6671,7835,123
2020-12-03,Ohio,446859,6753,8931,82
2020-12-04,Ohio,456963,6882,10104,129
2020-12-05,Ohio,467432,6947,10469,65
2020-12-06,Ohio,475024,6960,7592,13
2020-12-07,Ohio,484297,7023,9273,63
2020-12-08,Ohio,510018,7103,25721,80
2020-12-09,Ohio,520112,7187,10094,84
2020-12-10,Ohio,531850,7298,11738,111
2020-12-11,Ohio,542209,7426,10359,128
2020-12-12,Ohio,553461,7477,11252,51
2020-12-13,Ohio,562727,7492,9266,15
2020-12-14,Ohio,570602,7551,7875,59
2020-12-15,Ohio,579357,7654,8755,103
2020-12-16,Ohio,584766,7777,5409,123
2020-12-17,Ohio,596178,7894,11412,117
2020-12-18,Ohio,605862,7967,9684,73
2020-12-19,Ohio,614429,8031,8567,64
2020-12-20,Ohio,622806,8047,8377,16
2020-12-21,Ohio,629354,8122,6548,75
2020-12-22,Ohio,637032,8252,7678,130
2020-12-23,Ohio,644822,8361,7790,109
2020-12-24,Ohio,653650,8456,8828,95
2020-12-25,Ohio,653650,8456,0,0
2020-12-26,Ohio,664668,8476,11018,20
2020-12-27,Ohio,670525,8509,5857,33
2020-12-28,Ohio,675044,8571,4519,62
2020-12-29,Ohio,682570,8722,7526,151
2020-12-30,Ohio,690748,8855,8178,133
2020-12-31,Ohio,700380,8962,9632,107
2021-01-01,Ohio,700380,8962,0,0
2021-01-02,Ohio,714673,9017,14293,55
2021-01-03,Ohio,721481,9076,6808,59
2021-01-04,Ohio,727423,9143,5942,67
2021-01-05,Ohio,735003,9247,7580,104
2021-01-06,Ohio,742817,9368,7814,121
2021-01-07,Ohio,753068,9462,10251,94
2021-01-08,Ohio,762603,9544,9535,82
2021-01-09,Ohio,770977,9599,8374,55
2021-01-10,Ohio,777065,9627,6088,28
2021-01-11,Ohio,784957,9702,7892,75
2021-01-12,Ohio,792938,9802,7981,100
2021-01-13,Ohio,799639,9881,6701,79
2021-01-14,Ohio,807293,9990,7654,109
2021-01-15,Ohio,814442,10057,7149,67
2021-01-16,Ohio,821507,10135,7065,78
2021-01-17,Ohio,826754,10200,5247,65
2021-01-18,Ohio,831066,10281,4312,81
2021-01-19,Ohio,836055,10336,4989,55
2021-01-20,Ohio,842433,10409,6378,73
2021-01-21,Ohio,849704,10518,7271,109
2021-01-22,Ohio,853982,10599,4278,81
2021-01-23,Ohio,859841,10680,5859,81
2021-01-24,Ohio,864322,10711,4481,31
2021-01-25,Ohio,868656,10768,4334,57
2021-01-26,Ohio,872918,10856,4262,88
2021-01-27,Ohio,878284,10931,5366,75
2021-01-28,Ohio,883716,11006,5432,75
2021-01-29,Ohio,888591,11073,4875,67
2021-01-30,Ohio,892781,11124,4190,51
2021-01-31,Ohio,895792,11178,3011,54
2021-02-01,Ohio,899079,11233,3287,55
2021-02-02,Ohio,902736,11339,3657,106
2021-02-03,Ohio,906727,11431,3991,92
2021-02-04,Ohio,910847,11510,4120,79
2021-02-05,Ohio,914530,11571,3683,61
2021-02-06,Ohio,918079,11652,3549,81
2021-02-07,Ohio,920217,11659,2138,7
2021-02-08,Ohio,922143,11695,1926,36
2021-02-09,Ohio,925350,11793,3207,98
2021-02-10,Ohio,928631,11856,3281,63
2021-02-11,Ohio,931437,12577,2806,721
2021-02-12,Ohio,934742,15136,3305,2559
2021-02-13,Ohio,937541,16340,2799,1204
2021-02-14,Ohio,939350,16346,1809,6
2021-02-15,Ohio,941265,16394,1915,48
2021-02-16,Ohio,943291,16453,2026,59
2021-02-17,Ohio,945107,16513,1816,60
2021-02-18,Ohio,947389,16611,2282,98
2021-02-19,Ohio,949695,16693,2306,82
2021-02-20,Ohio,952306,16749,2611,56
2021-02-21,Ohio,953767,16816,1461,67
2021-02-22,Ohio,955378,16874,1611,58
2021-02-23,Ohio,958153,16972,2775,98
2021-02-24,Ohio,959995,17048,1842,76
2021-02-25,Ohio,962404,17128,2409,80
2021-02-26,Ohio,964380,17185,1976,57
2021-02-27,Ohio,966154,17239,1774,54
2021-02-28,Ohio,967422,17299,1268,60
2021-03-01,Ohio,968874,17348,1452,49
2021-03-02,Ohio,970583,16750,1709,-598
2021-03-03,Ohio,972605,16750,2022,0
2021-03-04,Ohio,974480,16750,1875,0
2021-03-05,Ohio,976230,17502,1750,752
2021-03-06,Ohio,977738,17502,1508,0
