date,state,total cases,total deaths,new cases,new deaths
2020-03-06,Pennsylvania,2,0,2,0
2020-03-07,Pennsylvania,4,0,2,0
2020-03-08,Pennsylvania,6,0,2,0
2020-03-09,Pennsylvania,10,0,4,0
2020-03-10,Pennsylvania,12,0,2,0
2020-03-11,Pennsylvania,16,0,4,0
2020-03-12,Pennsylvania,22,0,6,0
2020-03-13,Pennsylvania,41,0,19,0
2020-03-14,Pennsylvania,47,0,6,0
2020-03-15,Pennsylvania,68,0,21,0
2020-03-16,Pennsylvania,81,0,13,0
2020-03-17,Pennsylvania,101,0,20,0
2020-03-18,Pennsylvania,139,1,38,1
2020-03-19,Pennsylvania,187,1,48,0
2020-03-20,Pennsylvania,269,1,82,0
2020-03-21,Pennsylvania,388,2,119,1
2020-03-22,Pennsylvania,504,3,116,1
2020-03-23,Pennsylvania,644,6,140,3
2020-03-24,Pennsylvania,851,8,207,2
2020-03-25,Pennsylvania,1151,12,300,4
2020-03-26,Pennsylvania,1690,16,539,4
2020-03-27,Pennsylvania,2217,23,527,7
2020-03-28,Pennsylvania,2815,35,598,12
2020-03-29,Pennsylvania,3441,40,626,5
2020-03-30,Pennsylvania,4156,48,715,8
2020-03-31,Pennsylvania,4997,72,841,24
2020-04-01,Pennsylvania,5805,78,808,6
2020-04-02,Pennsylvania,7021,91,1216,13
2020-04-03,Pennsylvania,8420,102,1399,11
2020-04-04,Pennsylvania,10110,140,1690,38
2020-04-05,Pennsylvania,11590,159,1480,19
2020-04-06,Pennsylvania,13075,170,1485,11
2020-04-07,Pennsylvania,14582,241,1507,71
2020-04-08,Pennsylvania,16414,313,1832,72
2020-04-09,Pennsylvania,18379,344,1965,31
2020-04-10,Pennsylvania,20128,435,1749,91
2020-04-11,Pennsylvania,21774,515,1646,80
2020-04-12,Pennsylvania,22955,525,1181,10
2020-04-13,Pennsylvania,24295,563,1340,38
2020-04-14,Pennsylvania,25591,746,1296,183
2020-04-15,Pennsylvania,26804,833,1213,87
2020-04-16,Pennsylvania,28314,940,1510,107
2020-04-17,Pennsylvania,30121,1027,1807,87
2020-04-18,Pennsylvania,31742,1150,1621,123
2020-04-19,Pennsylvania,32992,1285,1250,135
2020-04-20,Pennsylvania,34005,1366,1013,81
2020-04-21,Pennsylvania,35384,1620,1379,254
2020-04-22,Pennsylvania,36763,1720,1379,100
2020-04-23,Pennsylvania,38334,1723,1571,3
2020-04-24,Pennsylvania,40298,1786,1964,63
2020-04-25,Pennsylvania,41626,1842,1328,56
2020-04-26,Pennsylvania,42709,1871,1083,29
2020-04-27,Pennsylvania,43728,1946,1019,75
2020-04-28,Pennsylvania,45323,2092,1595,146
2020-04-29,Pennsylvania,46191,2392,868,300
2020-04-30,Pennsylvania,48224,2580,2033,188
2020-05-01,Pennsylvania,49764,2671,1540,91
2020-05-02,Pennsylvania,51071,2794,1307,123
2020-05-03,Pennsylvania,52079,2843,1008,49
2020-05-04,Pennsylvania,52992,2880,913,37
2020-05-05,Pennsylvania,53967,3206,975,326
2020-05-06,Pennsylvania,54989,3360,1022,154
2020-05-07,Pennsylvania,56149,3599,1160,239
2020-05-08,Pennsylvania,57501,3724,1352,125
2020-05-09,Pennsylvania,58661,3793,1160,69
2020-05-10,Pennsylvania,60037,3819,1376,26
2020-05-11,Pennsylvania,60557,3846,520,27
2020-05-12,Pennsylvania,61407,3924,850,78
2020-05-13,Pennsylvania,62194,4104,787,180
2020-05-14,Pennsylvania,63158,4298,964,194
2020-05-15,Pennsylvania,64178,4432,1020,134
2020-05-16,Pennsylvania,65228,4490,1050,58
2020-05-17,Pennsylvania,65745,4504,517,14
2020-05-18,Pennsylvania,66676,4560,931,56
2020-05-19,Pennsylvania,67404,4675,728,115
2020-05-20,Pennsylvania,68151,4794,747,119
2020-05-21,Pennsylvania,69252,4887,1101,93
2020-05-22,Pennsylvania,70305,5032,1053,145
2020-05-23,Pennsylvania,71102,5121,797,89
2020-05-24,Pennsylvania,71656,5145,554,24
2020-05-25,Pennsylvania,72356,5159,700,14
2020-05-26,Pennsylvania,72873,5175,517,16
2020-05-27,Pennsylvania,73646,5290,773,115
2020-05-28,Pennsylvania,74312,5397,666,107
2020-05-29,Pennsylvania,75073,5467,761,70
2020-05-30,Pennsylvania,75789,5537,716,70
2020-05-31,Pennsylvania,76218,5555,429,18
2020-06-01,Pennsylvania,76734,5574,516,19
2020-06-02,Pennsylvania,77315,5670,581,96
2020-06-03,Pennsylvania,77871,5742,556,72
2020-06-04,Pennsylvania,78428,5862,557,120
2020-06-05,Pennsylvania,78908,5952,480,90
2020-06-06,Pennsylvania,79507,5986,599,34
2020-06-07,Pennsylvania,80001,5997,494,11
2020-06-08,Pennsylvania,80432,6007,431,10
2020-06-09,Pennsylvania,80964,6070,532,63
2020-06-10,Pennsylvania,81410,6143,446,73
2020-06-11,Pennsylvania,81944,6187,534,44
2020-06-12,Pennsylvania,82578,6229,634,42
2020-06-13,Pennsylvania,82988,6264,410,35
2020-06-14,Pennsylvania,83301,6275,313,11
2020-06-15,Pennsylvania,83687,6307,386,32
2020-06-16,Pennsylvania,84077,6337,390,30
2020-06-17,Pennsylvania,84387,6376,310,39
2020-06-18,Pennsylvania,84780,6417,393,41
2020-06-19,Pennsylvania,85288,6446,508,29
2020-06-20,Pennsylvania,85678,6467,390,21
2020-06-21,Pennsylvania,86024,6472,346,5
2020-06-22,Pennsylvania,86666,6475,642,3
2020-06-23,Pennsylvania,87283,6511,617,36
2020-06-24,Pennsylvania,87775,6568,492,57
2020-06-25,Pennsylvania,88230,6602,455,34
2020-06-26,Pennsylvania,88950,6625,720,23
2020-06-27,Pennsylvania,89400,6652,450,27
2020-06-28,Pennsylvania,89785,6655,385,3
2020-06-29,Pennsylvania,90553,6663,768,8
2020-06-30,Pennsylvania,91226,6695,673,32
2020-07-01,Pennsylvania,91864,6704,638,9
2020-07-02,Pennsylvania,92703,6758,839,54
2020-07-03,Pennsylvania,93418,6790,715,32
2020-07-04,Pennsylvania,93922,6793,504,3
2020-07-05,Pennsylvania,94403,6797,481,4
2020-07-06,Pennsylvania,95187,6798,784,1
2020-07-07,Pennsylvania,95986,6835,799,37
2020-07-08,Pennsylvania,96817,6864,831,29
2020-07-09,Pennsylvania,97634,6895,817,31
2020-07-10,Pennsylvania,98574,6929,940,34
2020-07-11,Pennsylvania,99252,6945,678,16
2020-07-12,Pennsylvania,99794,6950,542,5
2020-07-13,Pennsylvania,100378,6955,584,5
2020-07-14,Pennsylvania,101360,6973,982,18
2020-07-15,Pennsylvania,102361,7011,1001,38
2020-07-16,Pennsylvania,103169,7039,808,28
2020-07-17,Pennsylvania,104172,7057,1003,18
2020-07-18,Pennsylvania,104780,7068,608,11
2020-07-19,Pennsylvania,105384,7074,604,6
2020-07-20,Pennsylvania,106498,7076,1114,2
2020-07-21,Pennsylvania,107460,7094,962,18
2020-07-22,Pennsylvania,108267,7125,807,31
2020-07-23,Pennsylvania,109153,7142,886,17
2020-07-24,Pennsylvania,110342,7162,1189,20
2020-07-25,Pennsylvania,111121,7167,779,5
2020-07-26,Pennsylvania,111773,7170,652,3
2020-07-27,Pennsylvania,112995,7174,1222,4
2020-07-28,Pennsylvania,114129,7197,1134,23
2020-07-29,Pennsylvania,114984,7219,855,22
2020-07-30,Pennsylvania,115853,7248,869,29
2020-07-31,Pennsylvania,116787,7261,934,13
2020-08-01,Pennsylvania,117468,7270,681,9
2020-08-02,Pennsylvania,118038,7274,570,4
2020-08-03,Pennsylvania,118937,7276,899,2
2020-08-04,Pennsylvania,119765,7296,828,20
2020-08-05,Pennsylvania,120492,7310,727,14
2020-08-06,Pennsylvania,121294,7340,802,30
2020-08-07,Pennsylvania,122078,7360,784,20
2020-08-08,Pennsylvania,122666,7372,588,12
2020-08-09,Pennsylvania,123312,7374,646,2
2020-08-10,Pennsylvania,124269,7378,957,4
2020-08-11,Pennsylvania,125061,7404,792,26
2020-08-12,Pennsylvania,125965,7447,904,43
2020-08-13,Pennsylvania,126950,7474,985,27
2020-08-14,Pennsylvania,127774,7513,824,39
2020-08-15,Pennsylvania,128531,7525,757,12
2020-08-16,Pennsylvania,129075,7532,544,7
2020-08-17,Pennsylvania,129686,7535,611,3
2020-08-18,Pennsylvania,130286,7561,600,26
2020-08-19,Pennsylvania,130950,7593,664,32
2020-08-20,Pennsylvania,131736,7606,786,13
2020-08-21,Pennsylvania,132461,7629,725,23
2020-08-22,Pennsylvania,133160,7643,699,14
2020-08-23,Pennsylvania,133679,7643,519,0
2020-08-24,Pennsylvania,134246,7642,567,0
2020-08-25,Pennsylvania,134803,7666,557,24
2020-08-26,Pennsylvania,135323,7691,520,25
2020-08-27,Pennsylvania,135958,7702,635,11
2020-08-28,Pennsylvania,136824,7722,866,20
2020-08-29,Pennsylvania,137576,7740,752,18
2020-08-30,Pennsylvania,138137,7742,561,2
2020-08-31,Pennsylvania,138840,7743,703,1
2020-09-01,Pennsylvania,139591,7764,751,21
2020-09-02,Pennsylvania,140577,7792,986,28
2020-09-03,Pennsylvania,141578,7805,1001,13
2020-09-04,Pennsylvania,142537,7821,959,16
2020-09-05,Pennsylvania,143301,7837,764,16
2020-09-06,Pennsylvania,143902,7837,601,0
2020-09-07,Pennsylvania,144658,7855,756,18
2020-09-08,Pennsylvania,145191,7862,533,7
2020-09-09,Pennsylvania,146058,7882,867,20
2020-09-10,Pennsylvania,146735,7894,677,12
2020-09-11,Pennsylvania,147744,7914,1009,20
2020-09-12,Pennsylvania,148635,7915,891,1
2020-09-13,Pennsylvania,148635,7915,0,0
2020-09-14,Pennsylvania,150044,7940,1409,25
2020-09-15,Pennsylvania,151081,7945,1037,5
2020-09-16,Pennsylvania,151889,7963,808,18
2020-09-17,Pennsylvania,152813,7978,924,15
2020-09-18,Pennsylvania,153560,8006,747,28
2020-09-19,Pennsylvania,154261,8028,701,22
2020-09-20,Pennsylvania,154924,8049,663,21
2020-09-21,Pennsylvania,155729,8080,805,31
2020-09-22,Pennsylvania,156512,8099,783,19
2020-09-23,Pennsylvania,157373,8137,861,38
2020-09-24,Pennsylvania,158221,8150,848,13
2020-09-25,Pennsylvania,159051,8157,830,7
2020-09-26,Pennsylvania,159937,8177,886,20
2020-09-27,Pennsylvania,160770,8180,833,3
2020-09-28,Pennsylvania,161642,8181,872,1
2020-09-29,Pennsylvania,163219,8196,1577,15
2020-09-30,Pennsylvania,164135,8216,916,20
2020-10-01,Pennsylvania,165078,8234,943,18
2020-10-02,Pennsylvania,166270,8254,1192,20
2020-10-03,Pennsylvania,166270,8271,0,17
2020-10-04,Pennsylvania,168161,8287,1891,16
2020-10-05,Pennsylvania,169126,8300,965,13
2020-10-06,Pennsylvania,170255,8318,1129,18
2020-10-07,Pennsylvania,171550,8347,1295,29
2020-10-08,Pennsylvania,172971,8372,1421,25
2020-10-09,Pennsylvania,174352,8387,1381,15
2020-10-10,Pennsylvania,175804,8421,1452,34
2020-10-11,Pennsylvania,176820,8426,1016,5
2020-10-12,Pennsylvania,177844,8444,1024,18
2020-10-13,Pennsylvania,179673,8458,1829,14
2020-10-14,Pennsylvania,180956,8481,1283,23
2020-10-15,Pennsylvania,182502,8496,1546,15
2020-10-16,Pennsylvania,184185,8524,1683,28
2020-10-17,Pennsylvania,185670,8535,1485,11
2020-10-18,Pennsylvania,186772,8555,1102,20
2020-10-19,Pennsylvania,188442,8562,1670,7
2020-10-20,Pennsylvania,189988,8591,1546,29
2020-10-21,Pennsylvania,191347,8629,1359,38
2020-10-22,Pennsylvania,193401,8660,2054,31
2020-10-23,Pennsylvania,195659,8695,2258,35
2020-10-24,Pennsylvania,197370,8721,1711,26
2020-10-25,Pennsylvania,198756,8730,1386,9
2020-10-26,Pennsylvania,201248,8737,2492,7
2020-10-27,Pennsylvania,203520,8760,2272,23
2020-10-28,Pennsylvania,205852,8789,2332,29
2020-10-29,Pennsylvania,208087,8828,2235,39
2020-10-30,Pennsylvania,210586,8860,2499,32
2020-10-31,Pennsylvania,212816,8883,2230,23
2020-11-01,Pennsylvania,214500,8888,1684,5
2020-11-02,Pennsylvania,217243,8893,2743,5
2020-11-03,Pennsylvania,220111,8926,2868,33
2020-11-04,Pennsylvania,222883,8967,2772,41
2020-11-05,Pennsylvania,225698,9009,2815,42
2020-11-06,Pennsylvania,229346,9052,3648,43
2020-11-07,Pennsylvania,232582,9089,3236,37
2020-11-08,Pennsylvania,235162,9093,2580,4
2020-11-09,Pennsylvania,239724,9098,4562,5
2020-11-10,Pennsylvania,244046,9156,4322,58
2020-11-11,Pennsylvania,248144,9217,4098,61
2020-11-12,Pennsylvania,254167,9272,6023,55
2020-11-13,Pennsylvania,260001,9306,5834,34
2020-11-14,Pennsylvania,264396,9353,4395,47
2020-11-15,Pennsylvania,269043,9385,4647,32
2020-11-16,Pennsylvania,275257,9399,6214,14
2020-11-17,Pennsylvania,280978,9433,5721,34
2020-11-18,Pennsylvania,287464,9541,6486,108
2020-11-19,Pennsylvania,294345,9643,6881,102
2020-11-20,Pennsylvania,301373,9748,7028,105
2020-11-21,Pennsylvania,307247,9862,5874,114
2020-11-22,Pennsylvania,313788,9901,6541,39
2020-11-23,Pennsylvania,320250,9932,6462,31
2020-11-24,Pennsylvania,326615,10014,6365,82
2020-11-25,Pennsylvania,333571,10162,6956,148
2020-11-26,Pennsylvania,340998,10271,7427,109
2020-11-27,Pennsylvania,349360,10295,8362,24
2020-11-28,Pennsylvania,356243,10337,6883,42
2020-11-29,Pennsylvania,361387,10406,5144,69
2020-11-30,Pennsylvania,366971,10439,5584,33
2020-12-01,Pennsylvania,372688,10614,5717,175
2020-12-02,Pennsylvania,381342,10803,8654,189
2020-12-03,Pennsylvania,392610,11008,11268,205
2020-12-04,Pennsylvania,404699,11189,12089,181
2020-12-05,Pennsylvania,416073,11331,11374,142
2020-12-06,Pennsylvania,423828,11389,7755,58
2020-12-07,Pennsylvania,432410,11431,8582,42
2020-12-08,Pennsylvania,442528,11592,10118,161
2020-12-09,Pennsylvania,451154,11839,8626,247
2020-12-10,Pennsylvania,463175,12066,12021,227
2020-12-11,Pennsylvania,475844,12298,12669,232
2020-12-12,Pennsylvania,485901,12489,10057,191
2020-12-13,Pennsylvania,495906,12613,10005,124
2020-12-14,Pennsylvania,505422,12668,9516,55
2020-12-15,Pennsylvania,515009,12930,9587,262
2020-12-16,Pennsylvania,525199,13200,10190,270
2020-12-17,Pennsylvania,535231,13442,10032,242
2020-12-18,Pennsylvania,544417,13664,9186,222
2020-12-19,Pennsylvania,553424,13869,9007,205
2020-12-20,Pennsylvania,560002,13964,6578,95
2020-12-21,Pennsylvania,569413,14021,9411,57
2020-12-22,Pennsylvania,577183,14244,7770,223
2020-12-23,Pennsylvania,586908,14470,9725,226
2020-12-24,Pennsylvania,596122,14759,9214,289
2020-12-25,Pennsylvania,602605,14892,6483,133
2020-12-26,Pennsylvania,609682,14915,7077,23
2020-12-27,Pennsylvania,614303,15040,4621,125
2020-12-28,Pennsylvania,619425,15114,5122,74
2020-12-29,Pennsylvania,628083,15389,8658,275
2020-12-30,Pennsylvania,636710,15718,8627,329
2020-12-31,Pennsylvania,646060,16020,9350,302
2021-01-01,Pennsylvania,652952,16247,6892,227
2021-01-02,Pennsylvania,661731,16270,8779,23
2021-01-03,Pennsylvania,666207,16324,4476,54
2021-01-04,Pennsylvania,670769,16394,4562,70
2021-01-05,Pennsylvania,679760,16583,8991,189
2021-01-06,Pennsylvania,689162,16960,9402,377
2021-01-07,Pennsylvania,699018,17220,9856,260
2021-01-08,Pennsylvania,709235,17427,10217,207
2021-01-09,Pennsylvania,718642,17681,9407,254
2021-01-10,Pennsylvania,725506,17780,6864,99
2021-01-11,Pennsylvania,731967,17861,6461,81
2021-01-12,Pennsylvania,739212,18091,7245,230
2021-01-13,Pennsylvania,747245,18458,8033,367
2021-01-14,Pennsylvania,754441,18752,7196,294
2021-01-15,Pennsylvania,760552,18978,6111,226
2021-01-16,Pennsylvania,767074,19188,6522,210
2021-01-17,Pennsylvania,772747,19310,5673,122
2021-01-18,Pennsylvania,776490,19390,3743,80
2021-01-19,Pennsylvania,783355,19467,6865,77
2021-01-20,Pennsylvania,789029,19868,5674,401
2021-01-21,Pennsylvania,794632,20128,5603,260
2021-01-22,Pennsylvania,799948,20322,5316,194
2021-01-23,Pennsylvania,805272,20526,5324,204
2021-01-24,Pennsylvania,808951,20609,3679,83
2021-01-25,Pennsylvania,813665,20664,4714,55
2021-01-26,Pennsylvania,818330,20883,4665,219
2021-01-27,Pennsylvania,824216,21105,5886,222
2021-01-28,Pennsylvania,830295,21350,6079,245
2021-01-29,Pennsylvania,839888,21524,9593,174
2021-01-30,Pennsylvania,844519,21658,4631,134
2021-01-31,Pennsylvania,848244,21715,3725,57
2021-02-01,Pennsylvania,851911,21741,3667,26
2021-02-02,Pennsylvania,856214,21866,4303,125
2021-02-03,Pennsylvania,859345,22010,3131,144
2021-02-04,Pennsylvania,862763,22143,3418,133
2021-02-05,Pennsylvania,867502,22273,4739,130
2021-02-06,Pennsylvania,871435,22422,3933,149
2021-02-07,Pennsylvania,875557,22493,4122,71
2021-02-08,Pennsylvania,878679,22497,3122,4
2021-02-09,Pennsylvania,883005,22656,4326,159
2021-02-10,Pennsylvania,886115,22795,3110,139
2021-02-11,Pennsylvania,890100,22908,3985,113
2021-02-12,Pennsylvania,893359,23007,3259,99
2021-02-13,Pennsylvania,897038,23114,3679,107
2021-02-14,Pennsylvania,899474,23136,2436,22
2021-02-15,Pennsylvania,901245,23157,1771,21
2021-02-16,Pennsylvania,904203,23166,2958,9
2021-02-17,Pennsylvania,907736,23360,3533,194
2021-02-18,Pennsylvania,911033,23452,3297,92
2021-02-19,Pennsylvania,913825,23529,2792,77
2021-02-20,Pennsylvania,916378,23615,2553,86
2021-02-21,Pennsylvania,918174,23640,1796,25
2021-02-22,Pennsylvania,920025,23657,1851,17
2021-02-23,Pennsylvania,922848,23749,2823,92
2021-02-24,Pennsylvania,925662,23832,2814,83
2021-02-25,Pennsylvania,928029,23910,2367,78
2021-02-26,Pennsylvania,931099,23979,3070,69
2021-02-27,Pennsylvania,934113,23979,3014,0
2021-02-28,Pennsylvania,935911,24056,1798,77
2021-03-01,Pennsylvania,938308,24065,2397,9
2021-03-02,Pennsylvania,940811,24135,2503,70
2021-03-03,Pennsylvania,943448,24214,2637,79
2021-03-04,Pennsylvania,946455,24265,3007,51
2021-03-05,Pennsylvania,949223,24311,2768,46
2021-03-06,Pennsylvania,951703,24362,2480,51
2021-03-07,Pennsylvania,953421,24393,1718,31
2021-03-08,Pennsylvania,955337,24401,1916,8
2021-03-09,Pennsylvania,958266,24445,2929,44
2021-03-10,Pennsylvania,960877,24485,2611,40
2021-03-11,Pennsylvania,963552,24533,2675,48
2021-03-12,Pennsylvania,966620,24576,3068,43
2021-03-13,Pennsylvania,969095,24576,2475,0
2021-03-14,Pennsylvania,970914,24576,1819,0
2021-03-15,Pennsylvania,972772,24630,1858,54
2021-03-16,Pennsylvania,975872,24714,3100,84
2021-03-17,Pennsylvania,979065,24749,3193,35
2021-03-18,Pennsylvania,982115,24781,3050,32
2021-03-19,Pennsylvania,985595,24817,3480,36
2021-03-20,Pennsylvania,989336,24841,3741,24
2021-03-21,Pennsylvania,991403,24853,2067,12
2021-03-22,Pennsylvania,993622,24839,2219,0
2021-03-23,Pennsylvania,997245,24876,3623,37
2021-03-24,Pennsylvania,1001913,24934,4668,58
2021-03-25,Pennsylvania,1005504,24972,3591,38
2021-03-26,Pennsylvania,1010521,25013,5017,41
2021-03-27,Pennsylvania,1014137,25044,3616,31
2021-03-28,Pennsylvania,1016713,25058,2576,14
2021-03-29,Pennsylvania,1020584,25073,3871,15
2021-03-30,Pennsylvania,1025958,25106,5374,33
2021-03-31,Pennsylvania,1030415,25150,4457,44
2021-04-01,Pennsylvania,1034263,25179,3848,29
2021-04-02,Pennsylvania,1038349,25206,4086,27
2021-04-03,Pennsylvania,1043693,25243,5344,37
2021-04-04,Pennsylvania,1046714,25250,3021,7
2021-04-05,Pennsylvania,1050649,25254,3935,4
2021-04-06,Pennsylvania,1055498,25291,4849,37
2021-04-07,Pennsylvania,1060102,25342,4604,51
2021-04-08,Pennsylvania,1064568,25380,4466,38
2021-04-09,Pennsylvania,1069713,25421,5145,41
2021-04-10,Pennsylvania,1073909,25457,4196,36
2021-04-11,Pennsylvania,1077271,25459,3362,2
2021-04-12,Pennsylvania,1080998,25460,3727,1
2021-04-13,Pennsylvania,1087116,25527,6118,67
2021-04-14,Pennsylvania,1093491,25580,6375,53
2021-04-15,Pennsylvania,1098619,25623,5128,43
2021-04-16,Pennsylvania,1104166,25681,5547,58
2021-04-17,Pennsylvania,1108538,25719,4372,38
2021-04-18,Pennsylvania,1111381,25744,2843,25
2021-04-19,Pennsylvania,1114472,25744,3091,0
2021-04-20,Pennsylvania,1119535,25821,5063,77
2021-04-21,Pennsylvania,1124073,25886,4538,65
2021-04-22,Pennsylvania,1128144,25934,4071,48
2021-04-23,Pennsylvania,1132212,25990,4068,56
2021-04-24,Pennsylvania,1135903,26033,3691,43
2021-04-25,Pennsylvania,1138529,26038,2626,5
2021-04-26,Pennsylvania,1141219,26042,2690,4
