date,state,total cases,total deaths,new cases,new deaths
2020-03-13,Puerto Rico,3,0,3,0
2020-03-14,Puerto Rico,4,0,1,0
2020-03-15,Puerto Rico,5,0,1,0
2020-03-16,Puerto Rico,5,0,0,0
2020-03-17,Puerto Rico,5,0,0,0
2020-03-18,Puerto Rico,5,0,0,0
2020-03-19,Puerto Rico,6,0,1,0
2020-03-20,Puerto Rico,14,0,8,0
2020-03-21,Puerto Rico,21,1,7,1
2020-03-22,Puerto Rico,23,1,2,0
2020-03-23,Puerto Rico,31,2,8,1
2020-03-24,Puerto Rico,39,2,8,0
2020-03-25,Puerto Rico,51,2,12,0
2020-03-26,Puerto Rico,64,2,13,0
2020-03-27,Puerto Rico,79,3,15,1
2020-03-28,Puerto Rico,100,3,21,0
2020-03-29,Puerto Rico,127,5,27,2
2020-03-30,Puerto Rico,174,6,47,1
2020-03-31,Puerto Rico,239,8,65,2
2020-04-01,Puerto Rico,286,11,47,3
2020-04-02,Puerto Rico,316,12,30,1
2020-04-03,Puerto Rico,378,15,62,3
2020-04-04,Puerto Rico,452,18,74,3
2020-04-05,Puerto Rico,475,20,23,2
2020-04-06,Puerto Rico,513,21,38,1
2020-04-07,Puerto Rico,573,23,60,2
2020-04-08,Puerto Rico,620,24,47,1
2020-04-09,Puerto Rico,683,33,63,9
2020-04-10,Puerto Rico,725,39,42,6
2020-04-11,Puerto Rico,788,42,63,3
2020-04-12,Puerto Rico,897,44,109,2
2020-04-13,Puerto Rico,903,45,6,1
2020-04-14,Puerto Rico,923,45,20,0
2020-04-15,Puerto Rico,974,51,51,6
2020-04-16,Puerto Rico,1043,56,69,5
2020-04-17,Puerto Rico,1068,58,25,2
2020-04-18,Puerto Rico,1118,60,50,2
2020-04-19,Puerto Rico,1213,41,95,0
2020-04-20,Puerto Rico,1252,42,39,1
2020-04-21,Puerto Rico,915,43,0,1
2020-04-22,Puerto Rico,915,46,0,3
2020-04-23,Puerto Rico,1230,69,315,23
2020-04-24,Puerto Rico,1276,77,46,8
2020-04-25,Puerto Rico,1307,83,31,6
2020-04-26,Puerto Rico,1371,84,64,1
2020-04-27,Puerto Rico,1388,84,17,0
2020-04-28,Puerto Rico,1400,86,12,2
2020-04-29,Puerto Rico,1465,86,65,0
2020-04-30,Puerto Rico,1537,92,72,6
2020-05-01,Puerto Rico,1573,94,36,2
2020-05-02,Puerto Rico,1755,95,182,1
2020-05-03,Puerto Rico,1806,97,51,2
2020-05-04,Puerto Rico,1875,97,69,0
2020-05-05,Puerto Rico,1924,99,49,2
2020-05-06,Puerto Rico,1968,99,44,0
2020-05-07,Puerto Rico,2031,102,63,3
2020-05-08,Puerto Rico,2156,107,125,5
2020-05-09,Puerto Rico,2173,108,17,1
2020-05-10,Puerto Rico,2198,111,25,3
2020-05-11,Puerto Rico,2256,113,58,2
2020-05-12,Puerto Rico,2299,114,43,1
2020-05-13,Puerto Rico,2329,115,30,1
2020-05-14,Puerto Rico,2427,117,98,2
2020-05-15,Puerto Rico,2542,122,115,5
2020-05-16,Puerto Rico,2589,122,47,0
2020-05-17,Puerto Rico,2646,123,57,1
2020-05-18,Puerto Rico,2710,124,64,1
2020-05-19,Puerto Rico,2805,124,95,0
2020-05-20,Puerto Rico,2866,125,61,1
2020-05-21,Puerto Rico,2913,126,47,1
2020-05-22,Puerto Rico,3030,126,117,0
2020-05-23,Puerto Rico,3100,127,70,1
2020-05-24,Puerto Rico,3189,127,89,0
2020-05-25,Puerto Rico,3260,129,71,2
2020-05-26,Puerto Rico,3324,129,64,0
2020-05-27,Puerto Rico,3397,129,73,0
2020-05-28,Puerto Rico,3486,131,89,2
2020-05-29,Puerto Rico,3647,132,161,1
2020-05-30,Puerto Rico,3718,133,71,1
2020-05-31,Puerto Rico,3776,136,58,3
2020-06-01,Puerto Rico,3873,136,97,0
2020-06-02,Puerto Rico,3935,138,62,2
2020-06-03,Puerto Rico,4023,140,88,2
2020-06-04,Puerto Rico,4508,140,485,0
2020-06-05,Puerto Rico,4620,141,112,1
2020-06-06,Puerto Rico,4915,142,295,1
2020-06-07,Puerto Rico,4985,142,70,0
2020-06-08,Puerto Rico,5046,142,61,0
2020-06-09,Puerto Rico,5185,142,139,0
2020-06-10,Puerto Rico,5329,143,144,1
2020-06-11,Puerto Rico,5352,144,23,1
2020-06-12,Puerto Rico,5536,146,184,2
2020-06-13,Puerto Rico,5690,146,154,0
2020-06-14,Puerto Rico,5811,147,121,1
2020-06-15,Puerto Rico,5890,147,79,0
2020-06-16,Puerto Rico,5951,147,61,0
2020-06-17,Puerto Rico,6003,147,52,0
2020-06-18,Puerto Rico,6111,147,108,0
2020-06-19,Puerto Rico,6195,147,84,0
2020-06-20,Puerto Rico,6463,147,268,0
2020-06-21,Puerto Rico,6525,149,62,2
2020-06-22,Puerto Rico,6564,149,39,0
2020-06-23,Puerto Rico,6685,149,121,0
2020-06-24,Puerto Rico,6820,149,135,0
2020-06-25,Puerto Rico,6877,151,57,2
2020-06-26,Puerto Rico,6922,151,45,0
2020-06-27,Puerto Rico,7066,152,144,1
2020-06-28,Puerto Rico,7189,153,123,1
2020-06-29,Puerto Rico,7250,153,61,0
2020-06-30,Puerto Rico,7465,153,215,0
2020-07-01,Puerto Rico,7537,153,72,0
2020-07-02,Puerto Rico,7608,153,71,0
2020-07-03,Puerto Rico,7683,154,75,1
2020-07-04,Puerto Rico,7787,155,104,1
2020-07-05,Puerto Rico,7916,155,129,0
2020-07-06,Puerto Rico,8585,155,669,0
2020-07-07,Puerto Rico,8714,157,129,2
2020-07-08,Puerto Rico,8745,159,31,2
2020-07-09,Puerto Rico,8862,159,117,0
2020-07-10,Puerto Rico,9137,159,275,0
2020-07-11,Puerto Rico,9366,167,229,8
2020-07-12,Puerto Rico,9654,167,288,0
2020-07-13,Puerto Rico,10010,167,356,0
2020-07-14,Puerto Rico,10123,169,113,2
2020-07-15,Puerto Rico,10379,171,256,2
2020-07-16,Puerto Rico,10574,172,195,1
2020-07-17,Puerto Rico,11120,177,546,5
2020-07-18,Puerto Rico,11453,178,333,1
2020-07-19,Puerto Rico,12063,178,610,0
2020-07-20,Puerto Rico,12461,180,398,2
2020-07-21,Puerto Rico,12940,180,479,0
2020-07-22,Puerto Rico,13038,185,98,5
2020-07-23,Puerto Rico,13473,188,435,3
2020-07-24,Puerto Rico,13967,191,494,3
2020-07-25,Puerto Rico,14540,201,573,10
2020-07-26,Puerto Rico,15143,201,603,0
2020-07-27,Puerto Rico,15431,201,288,0
2020-07-28,Puerto Rico,15840,209,409,8
2020-07-29,Puerto Rico,16061,211,221,2
2020-07-30,Puerto Rico,16572,214,511,3
2020-07-31,Puerto Rico,16781,219,209,5
2020-08-01,Puerto Rico,17872,225,1091,6
2020-08-02,Puerto Rico,18411,230,539,5
2020-08-03,Puerto Rico,18791,230,380,0
2020-08-04,Puerto Rico,19324,237,533,7
2020-08-05,Puerto Rico,19651,246,327,9
2020-08-06,Puerto Rico,19934,258,283,12
2020-08-07,Puerto Rico,20686,265,752,7
2020-08-08,Puerto Rico,21424,274,738,9
2020-08-09,Puerto Rico,22121,279,697,5
2020-08-10,Puerto Rico,22821,279,700,0
2020-08-11,Puerto Rico,23403,287,582,8
2020-08-12,Puerto Rico,24074,295,671,8
2020-08-13,Puerto Rico,24446,306,372,11
2020-08-14,Puerto Rico,25128,317,682,11
2020-08-15,Puerto Rico,25695,329,567,12
2020-08-16,Puerto Rico,26006,335,311,6
2020-08-17,Puerto Rico,26760,335,754,0
2020-08-18,Puerto Rico,27713,346,953,11
2020-08-19,Puerto Rico,27934,356,221,10
2020-08-20,Puerto Rico,28143,367,209,11
2020-08-21,Puerto Rico,28846,374,703,7
2020-08-22,Puerto Rico,29577,381,731,7
2020-08-23,Puerto Rico,29896,390,319,9
2020-08-24,Puerto Rico,30618,390,722,0
2020-08-25,Puerto Rico,30720,395,102,5
2020-08-26,Puerto Rico,30744,404,24,9
2020-08-27,Puerto Rico,31383,412,639,8
2020-08-28,Puerto Rico,31988,424,605,12
2020-08-29,Puerto Rico,32550,428,562,4
2020-08-30,Puerto Rico,32848,434,298,6
2020-08-31,Puerto Rico,33199,434,351,0
2020-09-01,Puerto Rico,33421,435,222,1
2020-09-02,Puerto Rico,34003,443,582,8
2020-09-03,Puerto Rico,34198,448,195,5
2020-09-04,Puerto Rico,34241,455,43,7
2020-09-05,Puerto Rico,34492,464,251,9
2020-09-06,Puerto Rico,34533,477,41,13
2020-09-07,Puerto Rico,35375,477,842,0
2020-09-08,Puerto Rico,35504,482,129,5
2020-09-09,Puerto Rico,35507,500,3,18
2020-09-10,Puerto Rico,36279,512,772,12
2020-09-11,Puerto Rico,36581,523,302,11
2020-09-12,Puerto Rico,37092,535,511,12
2020-09-13,Puerto Rico,37380,539,288,4
2020-09-14,Puerto Rico,37750,542,370,3
2020-09-15,Puerto Rico,38172,551,422,9
2020-09-16,Puerto Rico,38284,570,112,19
2020-09-17,Puerto Rico,38867,588,583,18
2020-09-18,Puerto Rico,39684,599,817,11
2020-09-19,Puerto Rico,40993,605,1309,6
2020-09-20,Puerto Rico,41838,608,845,3
2020-09-21,Puerto Rico,42476,609,638,1
2020-09-22,Puerto Rico,42596,613,120,4
2020-09-23,Puerto Rico,42660,617,64,4
2020-09-24,Puerto Rico,43842,627,1182,10
2020-09-25,Puerto Rico,44905,635,1063,8
2020-09-26,Puerto Rico,45413,642,508,7
2020-09-27,Puerto Rico,46304,644,891,2
2020-09-28,Puerto Rico,47422,648,1118,4
2020-09-29,Puerto Rico,48467,654,1045,6
2020-09-30,Puerto Rico,48755,661,288,7
2020-10-01,Puerto Rico,49067,665,312,4
2020-10-02,Puerto Rico,49747,673,680,8
2020-10-03,Puerto Rico,50375,681,628,8
2020-10-04,Puerto Rico,50675,686,300,5
2020-10-05,Puerto Rico,51305,695,630,9
2020-10-06,Puerto Rico,51737,696,432,1
2020-10-07,Puerto Rico,51768,705,31,9
2020-10-08,Puerto Rico,52294,715,526,10
2020-10-09,Puerto Rico,52892,720,598,5
2020-10-10,Puerto Rico,53364,728,472,8
2020-10-11,Puerto Rico,53671,730,307,2
2020-10-12,Puerto Rico,54234,735,563,5
2020-10-13,Puerto Rico,54540,738,306,3
2020-10-14,Puerto Rico,55516,742,976,4
2020-10-15,Puerto Rico,56085,743,569,1
2020-10-16,Puerto Rico,56412,758,327,15
2020-10-17,Puerto Rico,56650,761,238,3
2020-10-18,Puerto Rico,57293,766,643,5
2020-10-19,Puerto Rico,57950,768,657,2
2020-10-20,Puerto Rico,58643,769,693,1
2020-10-21,Puerto Rico,58830,774,187,5
2020-10-22,Puerto Rico,59037,783,207,9
2020-10-23,Puerto Rico,60984,791,1947,8
2020-10-24,Puerto Rico,61280,794,296,3
2020-10-25,Puerto Rico,62503,801,1223,7
2020-10-26,Puerto Rico,63135,804,632,3
2020-10-27,Puerto Rico,63497,808,362,4
2020-10-28,Puerto Rico,63587,813,90,5
2020-10-29,Puerto Rico,64798,814,1211,1
2020-10-30,Puerto Rico,65743,820,945,6
2020-10-31,Puerto Rico,66128,822,385,2
2020-11-01,Puerto Rico,66661,832,533,10
2020-11-02,Puerto Rico,68172,839,1511,7
2020-11-03,Puerto Rico,68943,842,771,3
2020-11-04,Puerto Rico,69020,850,77,8
2020-11-05,Puerto Rico,69416,855,396,5
2020-11-06,Puerto Rico,70519,862,1103,7
2020-11-07,Puerto Rico,71532,862,1013,0
2020-11-08,Puerto Rico,71715,872,183,10
2020-11-09,Puerto Rico,72196,882,481,10
2020-11-10,Puerto Rico,72471,889,275,7
2020-11-11,Puerto Rico,72735,901,264,12
2020-11-12,Puerto Rico,74067,909,1332,8
2020-11-13,Puerto Rico,74734,914,667,5
2020-11-14,Puerto Rico,75387,921,653,7
2020-11-15,Puerto Rico,76094,935,707,14
2020-11-16,Puerto Rico,76631,942,537,7
2020-11-17,Puerto Rico,77200,951,569,9
2020-11-18,Puerto Rico,77525,971,325,20
2020-11-19,Puerto Rico,78046,982,521,11
2020-11-20,Puerto Rico,78950,991,904,9
2020-11-21,Puerto Rico,80049,1012,1099,21
2020-11-22,Puerto Rico,81074,1017,1025,5
2020-11-23,Puerto Rico,81815,1032,741,15
2020-11-24,Puerto Rico,82163,1038,348,6
2020-11-25,Puerto Rico,82340,1052,177,14
2020-11-26,Puerto Rico,82841,1069,501,17
2020-11-27,Puerto Rico,84293,1076,1452,7
2020-11-28,Puerto Rico,85196,1083,903,7
2020-11-29,Puerto Rico,85317,1094,121,11
2020-11-30,Puerto Rico,86160,1106,843,12
2020-12-01,Puerto Rico,86935,1122,775,16
2020-12-02,Puerto Rico,87323,1144,388,22
2020-12-03,Puerto Rico,87720,1155,397,11
2020-12-04,Puerto Rico,88212,1172,492,17
2020-12-05,Puerto Rico,89147,1184,935,12
2020-12-06,Puerto Rico,90286,1191,1139,7
2020-12-07,Puerto Rico,91237,1202,951,11
2020-12-08,Puerto Rico,91931,1205,694,3
2020-12-09,Puerto Rico,92577,1219,646,14
2020-12-10,Puerto Rico,93073,1238,496,19
2020-12-11,Puerto Rico,94617,1249,1544,11
2020-12-12,Puerto Rico,95338,1266,721,17
2020-12-13,Puerto Rico,96046,1272,708,6
2020-12-14,Puerto Rico,96600,1282,554,10
2020-12-15,Puerto Rico,97034,1294,434,12
2020-12-16,Puerto Rico,97301,1312,267,18
2020-12-17,Puerto Rico,98366,1323,1065,11
2020-12-18,Puerto Rico,99747,1333,1381,10
2020-12-19,Puerto Rico,100826,1342,1079,9
2020-12-20,Puerto Rico,102048,1368,1222,26
2020-12-21,Puerto Rico,102464,1382,416,14
2020-12-22,Puerto Rico,103527,1391,1063,9
2020-12-23,Puerto Rico,104103,1408,576,17
2020-12-24,Puerto Rico,104423,1423,320,15
2020-12-25,Puerto Rico,105039,1432,616,9
2020-12-26,Puerto Rico,106058,1432,1019,0
2020-12-27,Puerto Rico,106842,1445,784,13
2020-12-28,Puerto Rico,107273,1456,431,11
2020-12-29,Puerto Rico,109405,1460,2132,4
2020-12-30,Puerto Rico,109503,1484,98,24
2020-12-31,Puerto Rico,109906,1503,403,19
2021-01-01,Puerto Rico,110669,1521,763,18
2021-01-02,Puerto Rico,111547,1526,878,5
2021-01-03,Puerto Rico,111784,1545,237,19
2021-01-04,Puerto Rico,112420,1555,636,10
2021-01-05,Puerto Rico,112934,1562,514,7
2021-01-06,Puerto Rico,113227,1570,293,8
2021-01-07,Puerto Rico,113513,1588,286,18
2021-01-08,Puerto Rico,115682,1592,2169,4
2021-01-09,Puerto Rico,116245,1616,563,24
2021-01-10,Puerto Rico,116734,1630,489,14
2021-01-11,Puerto Rico,117083,1642,349,12
2021-01-12,Puerto Rico,118042,1645,959,3
2021-01-13,Puerto Rico,118254,1659,212,14
2021-01-14,Puerto Rico,118431,1679,177,20
2021-01-15,Puerto Rico,119569,1692,1138,13
2021-01-16,Puerto Rico,120138,1703,569,11
2021-01-17,Puerto Rico,120996,1703,858,0
2021-01-18,Puerto Rico,121554,1703,558,0
2021-01-19,Puerto Rico,121988,1703,434,0
2021-01-20,Puerto Rico,122128,1717,140,14
2021-01-21,Puerto Rico,122343,1732,215,15
2021-01-22,Puerto Rico,122897,1761,554,29
2021-01-23,Puerto Rico,123688,1771,791,10
2021-01-24,Puerto Rico,124643,1773,955,2
2021-01-25,Puerto Rico,125211,1778,568,5
2021-01-26,Puerto Rico,125684,1783,473,5
2021-01-27,Puerto Rico,125859,1794,175,11
2021-01-28,Puerto Rico,126156,1801,297,7
2021-01-29,Puerto Rico,126583,1812,427,11
2021-01-30,Puerto Rico,127021,1823,438,11
2021-01-31,Puerto Rico,127239,1829,218,6
2021-02-01,Puerto Rico,127853,1836,614,7
2021-02-02,Puerto Rico,128141,1846,288,10
2021-02-03,Puerto Rico,128277,1853,136,7
2021-02-04,Puerto Rico,128599,1861,322,8
2021-02-05,Puerto Rico,128679,1867,80,6
2021-02-06,Puerto Rico,128970,1872,291,5
2021-02-07,Puerto Rico,129454,1883,484,11
2021-02-08,Puerto Rico,129776,1888,322,5
2021-02-09,Puerto Rico,130017,1893,241,5
2021-02-10,Puerto Rico,130109,1897,92,4
2021-02-11,Puerto Rico,130251,1902,142,5
2021-02-12,Puerto Rico,130539,1907,288,5
2021-02-13,Puerto Rico,130928,1915,389,8
2021-02-14,Puerto Rico,131224,1919,296,4
2021-02-15,Puerto Rico,131452,1920,228,1
2021-02-16,Puerto Rico,131932,1924,480,4
2021-02-17,Puerto Rico,132043,1930,111,6
2021-02-18,Puerto Rico,132121,1940,78,10
2021-02-19,Puerto Rico,132239,1947,118,7
2021-02-20,Puerto Rico,132450,1957,211,10
2021-02-21,Puerto Rico,132699,1979,249,22
2021-02-22,Puerto Rico,132872,1983,173,4
2021-02-23,Puerto Rico,133091,1986,219,3
2021-02-24,Puerto Rico,133134,2007,43,21
2021-02-25,Puerto Rico,133234,2016,100,9
2021-02-26,Puerto Rico,133475,2023,241,7
2021-02-27,Puerto Rico,133659,2032,184,9
2021-02-28,Puerto Rico,133912,2036,253,4
2021-03-01,Puerto Rico,134199,2037,287,1
2021-03-02,Puerto Rico,134350,2040,151,3
2021-03-03,Puerto Rico,134380,2048,30,8
2021-03-04,Puerto Rico,134482,2053,102,5
2021-03-05,Puerto Rico,134681,2056,199,3
2021-03-06,Puerto Rico,134942,2059,261,3
2021-03-07,Puerto Rico,135247,2059,305,0
2021-03-08,Puerto Rico,135432,2065,185,6
2021-03-09,Puerto Rico,135552,2066,120,1
2021-03-10,Puerto Rico,135552,2067,0,1
2021-03-11,Puerto Rico,135666,2071,114,4
2021-03-12,Puerto Rico,136022,2073,356,2
2021-03-13,Puerto Rico,136182,2077,160,4
2021-03-14,Puerto Rico,136417,2077,235,0
2021-03-15,Puerto Rico,136610,2080,193,3
2021-03-16,Puerto Rico,136826,2081,216,1
2021-03-17,Puerto Rico,136893,2083,67,2
2021-03-18,Puerto Rico,136962,2085,69,2
2021-03-19,Puerto Rico,137294,2089,332,4
2021-03-20,Puerto Rico,137510,2092,216,3
2021-03-21,Puerto Rico,137836,2096,326,4
2021-03-22,Puerto Rico,138131,2096,295,0
2021-03-23,Puerto Rico,138358,2098,227,2
2021-03-24,Puerto Rico,138503,2100,145,2
2021-03-25,Puerto Rico,138581,2103,78,3
2021-03-26,Puerto Rico,138841,2106,260,3
2021-03-27,Puerto Rico,139240,2109,399,3
2021-03-28,Puerto Rico,139508,2112,268,3
2021-03-29,Puerto Rico,140103,2112,595,0
2021-03-30,Puerto Rico,140550,2112,447,0
2021-03-31,Puerto Rico,140720,2113,170,1
2021-04-01,Puerto Rico,141085,2118,365,5
2021-04-02,Puerto Rico,141595,2121,510,3
2021-04-03,Puerto Rico,142387,2126,792,5
2021-04-04,Puerto Rico,143022,2126,635,0
2021-04-05,Puerto Rico,143448,2131,426,5
2021-04-06,Puerto Rico,143637,2136,189,5
2021-04-07,Puerto Rico,143848,2139,211,3
2021-04-08,Puerto Rico,144294,2141,446,2
2021-04-09,Puerto Rico,145375,2146,1081,5
2021-04-10,Puerto Rico,146815,2152,1440,6
2021-04-11,Puerto Rico,147812,2154,997,2
2021-04-12,Puerto Rico,148914,2155,1102,1
2021-04-13,Puerto Rico,149993,2162,1079,7
2021-04-14,Puerto Rico,150981,2174,988,12
2021-04-15,Puerto Rico,151451,2182,470,8
2021-04-16,Puerto Rico,152551,2185,1100,3
2021-04-17,Puerto Rico,154186,2194,1635,9
2021-04-18,Puerto Rico,155316,2200,1130,6
2021-04-19,Puerto Rico,156664,2207,1348,7
2021-04-20,Puerto Rico,157755,2213,1091,6
2021-04-21,Puerto Rico,158310,2224,555,11
2021-04-22,Puerto Rico,158827,2238,517,14
2021-04-23,Puerto Rico,159999,2246,1172,8
2021-04-24,Puerto Rico,161065,2263,1066,17
2021-04-25,Puerto Rico,162074,2264,1009,1
2021-04-26,Puerto Rico,162818,2265,744,1
2021-04-27,Puerto Rico,163652,2279,834,14
2021-04-28,Puerto Rico,163976,2285,324,6
2021-04-29,Puerto Rico,164286,2296,310,11
2021-04-30,Puerto Rico,165052,2303,766,7
2021-05-01,Puerto Rico,165571,2310,519,7
2021-05-02,Puerto Rico,166193,2313,622,3
2021-05-03,Puerto Rico,166662,2315,469,2
2021-05-04,Puerto Rico,167122,2323,460,8
2021-05-05,Puerto Rico,167320,2337,198,14
2021-05-06,Puerto Rico,167461,2348,141,11
2021-05-07,Puerto Rico,167983,2355,522,7
2021-05-08,Puerto Rico,168503,2367,520,12
2021-05-09,Puerto Rico,168886,2372,383,5
2021-05-10,Puerto Rico,169158,2374,272,2
2021-05-11,Puerto Rico,169341,2384,183,10
2021-05-12,Puerto Rico,169384,2395,43,11
2021-05-13,Puerto Rico,169486,2412,102,17
2021-05-14,Puerto Rico,169814,2421,328,9
2021-05-15,Puerto Rico,170041,2431,227,10
2021-05-16,Puerto Rico,170270,2435,229,4
2021-05-17,Puerto Rico,170578,2438,308,3
2021-05-18,Puerto Rico,170675,2445,97,7
2021-05-19,Puerto Rico,170701,2452,26,7
2021-05-20,Puerto Rico,170762,2461,61,9
2021-05-21,Puerto Rico,170957,2466,195,5
2021-05-22,Puerto Rico,171225,2471,268,5
2021-05-23,Puerto Rico,171378,2472,153,1
2021-05-24,Puerto Rico,171615,2474,237,2
2021-05-25,Puerto Rico,171698,2480,83,6
2021-05-26,Puerto Rico,171709,2483,11,3
2021-05-27,Puerto Rico,171832,2489,123,6
2021-05-28,Puerto Rico,171970,2495,138,6
2021-05-29,Puerto Rico,172100,2499,130,4
2021-05-30,Puerto Rico,172194,2501,94,2
2021-05-31,Puerto Rico,172305,2502,111,1
2021-06-01,Puerto Rico,172372,2505,67,3
2021-06-02,Puerto Rico,172386,2509,14,4
2021-06-03,Puerto Rico,172414,2512,28,3
2021-06-04,Puerto Rico,172488,2515,74,3
2021-06-05,Puerto Rico,172564,2516,76,1
2021-06-06,Puerto Rico,172619,2518,55,2
2021-06-07,Puerto Rico,172683,2519,64,1
2021-06-08,Puerto Rico,172747,2522,64,3
