date,state,total cases,total deaths,new cases,new deaths
2020-03-10,South Dakota,5,1,5,1
2020-03-11,South Dakota,8,1,3,0
2020-03-12,South Dakota,8,1,0,0
2020-03-13,South Dakota,9,1,1,0
2020-03-14,South Dakota,9,1,0,0
2020-03-15,South Dakota,9,1,0,0
2020-03-16,South Dakota,10,1,1,0
2020-03-17,South Dakota,11,1,1,0
2020-03-18,South Dakota,11,1,0,0
2020-03-19,South Dakota,14,1,3,0
2020-03-20,South Dakota,14,1,0,0
2020-03-21,South Dakota,14,1,0,0
2020-03-22,South Dakota,21,1,7,0
2020-03-23,South Dakota,28,1,7,0
2020-03-24,South Dakota,30,1,2,0
2020-03-25,South Dakota,41,1,11,0
2020-03-26,South Dakota,46,1,5,0
2020-03-27,South Dakota,58,1,12,0
2020-03-28,South Dakota,68,1,10,0
2020-03-29,South Dakota,90,1,22,0
2020-03-30,South Dakota,100,1,10,0
2020-03-31,South Dakota,107,1,7,0
2020-04-01,South Dakota,129,1,22,0
2020-04-02,South Dakota,165,2,36,1
2020-04-03,South Dakota,187,2,22,0
2020-04-04,South Dakota,212,2,25,0
2020-04-05,South Dakota,240,2,28,0
2020-04-06,South Dakota,288,4,48,2
2020-04-07,South Dakota,320,6,32,2
2020-04-08,South Dakota,393,6,73,0
2020-04-09,South Dakota,447,6,54,0
2020-04-10,South Dakota,536,6,89,0
2020-04-11,South Dakota,626,6,90,0
2020-04-12,South Dakota,729,6,103,0
2020-04-13,South Dakota,867,6,138,0
2020-04-14,South Dakota,987,6,120,0
2020-04-15,South Dakota,1168,6,181,0
2020-04-16,South Dakota,1311,7,143,1
2020-04-17,South Dakota,1411,7,100,0
2020-04-18,South Dakota,1541,7,130,0
2020-04-19,South Dakota,1635,7,94,0
2020-04-20,South Dakota,1685,7,50,0
2020-04-21,South Dakota,1755,8,70,1
2020-04-22,South Dakota,1858,9,103,1
2020-04-23,South Dakota,1956,9,98,0
2020-04-24,South Dakota,2040,10,84,1
2020-04-25,South Dakota,2147,10,107,0
2020-04-26,South Dakota,2213,11,66,1
2020-04-27,South Dakota,2246,11,33,0
2020-04-28,South Dakota,2314,11,68,0
2020-04-29,South Dakota,2375,13,61,2
2020-04-30,South Dakota,2450,17,75,4
2020-05-01,South Dakota,2525,21,75,4
2020-05-02,South Dakota,2587,21,62,0
2020-05-03,South Dakota,2630,21,43,0
2020-05-04,South Dakota,2667,21,37,0
2020-05-05,South Dakota,2720,24,53,3
2020-05-06,South Dakota,2779,29,59,5
2020-05-07,South Dakota,2905,31,126,2
2020-05-08,South Dakota,3144,31,239,0
2020-05-09,South Dakota,3393,34,249,3
2020-05-10,South Dakota,3517,34,124,0
2020-05-11,South Dakota,3614,34,97,0
2020-05-12,South Dakota,3663,39,49,5
2020-05-13,South Dakota,3732,39,69,0
2020-05-14,South Dakota,3792,43,60,4
2020-05-15,South Dakota,3887,44,95,1
2020-05-16,South Dakota,3959,44,72,0
2020-05-17,South Dakota,3987,44,28,0
2020-05-18,South Dakota,4027,44,40,0
2020-05-19,South Dakota,4085,46,58,2
2020-05-20,South Dakota,4177,46,92,0
2020-05-21,South Dakota,4177,47,0,1
2020-05-22,South Dakota,4356,50,179,3
2020-05-23,South Dakota,4468,50,112,0
2020-05-24,South Dakota,4563,50,95,0
2020-05-25,South Dakota,4586,50,23,0
2020-05-26,South Dakota,4653,50,67,0
2020-05-27,South Dakota,4710,54,57,4
2020-05-28,South Dakota,4793,54,83,0
2020-05-29,South Dakota,4866,59,73,5
2020-05-30,South Dakota,4960,62,94,3
2020-05-31,South Dakota,4993,62,33,0
2020-06-01,South Dakota,5034,62,41,0
2020-06-02,South Dakota,5066,62,32,0
2020-06-03,South Dakota,5161,62,95,0
2020-06-04,South Dakota,5247,64,86,2
2020-06-05,South Dakota,5277,65,30,1
2020-06-06,South Dakota,5367,65,90,0
2020-06-07,South Dakota,5438,65,71,0
2020-06-08,South Dakota,5471,65,33,0
2020-06-09,South Dakota,5523,68,52,3
2020-06-10,South Dakota,5604,69,81,1
2020-06-11,South Dakota,5665,73,61,4
2020-06-12,South Dakota,5742,74,77,1
2020-06-13,South Dakota,5833,75,91,1
2020-06-14,South Dakota,5898,75,65,0
2020-06-15,South Dakota,5928,75,30,0
2020-06-16,South Dakota,5966,77,38,2
2020-06-17,South Dakota,6050,78,84,1
2020-06-18,South Dakota,6109,78,59,0
2020-06-19,South Dakota,6158,81,49,3
2020-06-20,South Dakota,6225,81,67,0
2020-06-21,South Dakota,6297,81,72,0
2020-06-22,South Dakota,6326,81,29,0
2020-06-23,South Dakota,6353,83,27,2
2020-06-24,South Dakota,6419,84,66,1
2020-06-25,South Dakota,6479,87,60,3
2020-06-26,South Dakota,6535,88,56,1
2020-06-27,South Dakota,6626,91,91,3
2020-06-28,South Dakota,6681,91,55,0
2020-06-29,South Dakota,6716,91,35,0
2020-06-30,South Dakota,6764,91,48,0
2020-07-01,South Dakota,6826,93,62,2
2020-07-02,South Dakota,6893,97,67,4
2020-07-03,South Dakota,6978,97,85,0
2020-07-04,South Dakota,7028,97,50,0
2020-07-05,South Dakota,7063,97,35,0
2020-07-06,South Dakota,7105,97,42,0
2020-07-07,South Dakota,7163,98,58,1
2020-07-08,South Dakota,7242,98,79,0
2020-07-09,South Dakota,7336,101,94,3
2020-07-10,South Dakota,7401,107,65,6
2020-07-11,South Dakota,7454,109,53,2
2020-07-12,South Dakota,7499,109,45,0
2020-07-13,South Dakota,7524,109,25,0
2020-07-14,South Dakota,7572,109,48,0
2020-07-15,South Dakota,7652,111,80,2
2020-07-16,South Dakota,7694,115,42,4
2020-07-17,South Dakota,7789,116,95,1
2020-07-18,South Dakota,7862,116,73,0
2020-07-19,South Dakota,7906,118,44,2
2020-07-20,South Dakota,7943,118,37,0
2020-07-21,South Dakota,8019,118,76,0
2020-07-22,South Dakota,8077,119,58,1
2020-07-23,South Dakota,8143,121,66,2
2020-07-24,South Dakota,8200,122,57,1
2020-07-25,South Dakota,8305,122,105,0
2020-07-26,South Dakota,8395,123,90,1
2020-07-27,South Dakota,8444,123,49,0
2020-07-28,South Dakota,8492,123,48,0
2020-07-29,South Dakota,8641,129,149,6
2020-07-30,South Dakota,8685,129,44,0
2020-07-31,South Dakota,8764,130,79,1
2020-08-01,South Dakota,8867,134,103,4
2020-08-02,South Dakota,8955,135,88,1
2020-08-03,South Dakota,9020,135,65,0
2020-08-04,South Dakota,9079,136,59,1
2020-08-05,South Dakota,9168,137,89,1
2020-08-06,South Dakota,9273,141,105,4
2020-08-07,South Dakota,9371,144,98,3
2020-08-08,South Dakota,9477,146,106,2
2020-08-09,South Dakota,9605,146,128,0
2020-08-10,South Dakota,9663,146,58,0
2020-08-11,South Dakota,9713,146,50,0
2020-08-12,South Dakota,9815,147,102,1
2020-08-13,South Dakota,9897,148,82,1
2020-08-14,South Dakota,10024,150,127,2
2020-08-15,South Dakota,10118,152,94,2
2020-08-16,South Dakota,10274,153,156,1
2020-08-17,South Dakota,10360,153,86,0
2020-08-18,South Dakota,10443,154,83,1
2020-08-19,South Dakota,10566,155,123,1
2020-08-20,South Dakota,10691,157,125,2
2020-08-21,South Dakota,10884,159,193,2
2020-08-22,South Dakota,11135,160,251,1
2020-08-23,South Dakota,11276,161,141,1
2020-08-24,South Dakota,11425,161,149,0
2020-08-25,South Dakota,11559,161,134,0
2020-08-26,South Dakota,11851,162,292,1
2020-08-27,South Dakota,12194,162,343,0
2020-08-28,South Dakota,12517,165,323,3
2020-08-29,South Dakota,12942,167,425,2
2020-08-30,South Dakota,13322,167,380,0
2020-08-31,South Dakota,13509,167,187,0
2020-09-01,South Dakota,13749,167,240,0
2020-09-02,South Dakota,14003,169,254,2
2020-09-03,South Dakota,14337,169,334,0
2020-09-04,South Dakota,14596,170,259,1
2020-09-05,South Dakota,14889,173,293,3
2020-09-06,South Dakota,15109,173,220,0
2020-09-07,South Dakota,15300,173,191,0
2020-09-08,South Dakota,15403,173,103,0
2020-09-09,South Dakota,15571,173,168,0
2020-09-10,South Dakota,15834,177,263,4
2020-09-11,South Dakota,16117,177,283,0
2020-09-12,South Dakota,16437,183,320,6
2020-09-13,South Dakota,16638,184,201,1
2020-09-14,South Dakota,16801,184,163,0
2020-09-15,South Dakota,16994,184,193,0
2020-09-16,South Dakota,17291,192,297,8
2020-09-17,South Dakota,17686,193,395,1
2020-09-18,South Dakota,18075,198,389,5
2020-09-19,South Dakota,18444,200,369,2
2020-09-20,South Dakota,18696,202,252,2
2020-09-21,South Dakota,18869,202,173,0
2020-09-22,South Dakota,19189,202,320,0
2020-09-23,South Dakota,19634,202,445,0
2020-09-24,South Dakota,20097,210,463,8
2020-09-25,South Dakota,20554,216,457,6
2020-09-26,South Dakota,21133,218,579,2
2020-09-27,South Dakota,21541,218,408,0
2020-09-28,South Dakota,21738,218,197,0
2020-09-29,South Dakota,21997,223,259,5
2020-09-30,South Dakota,22389,223,392,0
2020-10-01,South Dakota,23136,236,747,13
2020-10-02,South Dakota,23522,237,386,1
2020-10-03,South Dakota,23986,248,464,11
2020-10-04,South Dakota,24418,248,432,0
2020-10-05,South Dakota,24598,248,180,0
2020-10-06,South Dakota,24876,248,278,0
2020-10-07,South Dakota,25906,258,1030,10
2020-10-08,South Dakota,26441,272,535,14
2020-10-09,South Dakota,27215,277,774,5
2020-10-10,South Dakota,27947,286,732,9
2020-10-11,South Dakota,28564,286,617,0
2020-10-12,South Dakota,28925,288,361,2
2020-10-13,South Dakota,29339,288,414,0
2020-10-14,South Dakota,30215,291,876,3
2020-10-15,South Dakota,31012,304,797,13
2020-10-16,South Dakota,31805,307,793,3
2020-10-17,South Dakota,32611,315,806,8
2020-10-18,South Dakota,33269,323,658,8
2020-10-19,South Dakota,33836,323,567,0
2020-10-20,South Dakota,34457,330,621,7
2020-10-21,South Dakota,35044,333,587,3
2020-10-22,South Dakota,36017,347,973,14
2020-10-23,South Dakota,37202,356,1185,9
2020-10-24,South Dakota,38141,366,939,10
2020-10-25,South Dakota,39203,375,1062,9
2020-10-26,South Dakota,39741,375,538,0
2020-10-27,South Dakota,40730,375,989,0
2020-10-28,South Dakota,42000,384,1270,9
2020-10-29,South Dakota,43000,403,1000,19
2020-10-30,South Dakota,44559,415,1559,12
2020-10-31,South Dakota,45992,425,1433,10
2020-11-01,South Dakota,47324,437,1332,12
2020-11-02,South Dakota,47850,438,526,1
2020-11-03,South Dakota,48854,446,1004,8
2020-11-04,South Dakota,49791,460,937,14
2020-11-05,South Dakota,51151,482,1360,22
2020-11-06,South Dakota,52639,510,1488,28
2020-11-07,South Dakota,53976,523,1337,13
2020-11-08,South Dakota,55404,536,1428,13
2020-11-09,South Dakota,56311,537,907,1
2020-11-10,South Dakota,57334,540,1023,3
2020-11-11,South Dakota,58696,567,1362,27
2020-11-12,South Dakota,60716,567,2020,0
2020-11-13,South Dakota,62327,568,1611,1
2020-11-14,South Dakota,64182,621,1855,53
2020-11-15,South Dakota,65381,644,1199,23
2020-11-16,South Dakota,66278,644,897,0
2020-11-17,South Dakota,67284,644,1006,0
2020-11-18,South Dakota,68671,674,1387,30
2020-11-19,South Dakota,69742,705,1071,31
2020-11-20,South Dakota,71070,741,1328,36
2020-11-21,South Dakota,72214,777,1144,36
2020-11-22,South Dakota,73065,819,851,42
2020-11-23,South Dakota,73848,819,783,0
2020-11-24,South Dakota,74859,821,1011,2
2020-11-25,South Dakota,76142,849,1283,28
2020-11-26,South Dakota,76142,849,0,0
2020-11-27,South Dakota,78280,888,2138,39
2020-11-28,South Dakota,79099,942,819,54
2020-11-29,South Dakota,79900,943,801,1
2020-11-30,South Dakota,80464,946,564,3
2020-12-01,South Dakota,80912,948,448,2
2020-12-02,South Dakota,82203,995,1291,47
2020-12-03,South Dakota,83348,1033,1145,38
2020-12-04,South Dakota,84398,1064,1050,31
2020-12-05,South Dakota,85304,1091,906,27
2020-12-06,South Dakota,85991,1110,687,19
2020-12-07,South Dakota,86500,1110,509,0
2020-12-08,South Dakota,87038,1111,538,1
2020-12-09,South Dakota,88023,1147,985,36
2020-12-10,South Dakota,88727,1177,704,30
2020-12-11,South Dakota,89672,1210,945,33
2020-12-12,South Dakota,90407,1243,735,33
2020-12-13,South Dakota,91038,1259,631,16
2020-12-14,South Dakota,91354,1259,316,0
2020-12-15,South Dakota,91699,1261,345,2
2020-12-16,South Dakota,92604,1300,905,39
2020-12-17,South Dakota,93197,1301,593,1
2020-12-18,South Dakota,93772,1330,575,29
2020-12-19,South Dakota,94336,1350,564,20
2020-12-20,South Dakota,94727,1361,391,11
2020-12-21,South Dakota,95074,1381,347,20
2020-12-22,South Dakota,95509,1381,435,0
2020-12-23,South Dakota,96040,1389,531,8
2020-12-24,South Dakota,96546,1430,506,41
2020-12-25,South Dakota,96546,1430,0,0
2020-12-26,South Dakota,96963,1446,417,16
2020-12-27,South Dakota,97390,1446,427,0
2020-12-28,South Dakota,97658,1446,268,0
2020-12-29,South Dakota,98158,1446,500,0
2020-12-30,South Dakota,98720,1464,562,18
2020-12-31,South Dakota,99164,1488,444,24
2021-01-01,South Dakota,99164,1488,0,0
2021-01-02,South Dakota,99829,1501,665,13
2021-01-03,South Dakota,100532,1513,703,12
2021-01-04,South Dakota,100643,1513,111,0
2021-01-05,South Dakota,101076,1513,433,0
2021-01-06,South Dakota,101684,1519,608,6
2021-01-07,South Dakota,102132,1544,448,25
2021-01-08,South Dakota,102580,1556,448,12
2021-01-09,South Dakota,102901,1570,321,14
2021-01-10,South Dakota,103318,1585,417,15
2021-01-11,South Dakota,103499,1585,181,0
2021-01-12,South Dakota,103743,1585,244,0
2021-01-13,South Dakota,104195,1604,452,19
2021-01-14,South Dakota,104512,1614,317,10
2021-01-15,South Dakota,104937,1629,425,15
2021-01-16,South Dakota,105278,1633,341,4
2021-01-17,South Dakota,105544,1656,266,23
2021-01-18,South Dakota,105659,1667,115,11
2021-01-19,South Dakota,105786,1667,127,0
2021-01-20,South Dakota,106063,1667,277,0
2021-01-21,South Dakota,106400,1673,337,6
2021-01-22,South Dakota,106716,1684,316,11
2021-01-23,South Dakota,106963,1696,247,12
2021-01-24,South Dakota,107148,1705,185,9
2021-01-25,South Dakota,107180,1705,32,0
2021-01-26,South Dakota,107380,1705,200,0
2021-01-27,South Dakota,107608,1739,228,34
2021-01-28,South Dakota,107795,1763,187,24
2021-01-29,South Dakota,107955,1768,160,5
2021-01-30,South Dakota,108070,1775,115,7
2021-01-31,South Dakota,108250,1778,180,3
2021-02-01,South Dakota,108315,1778,65,0
2021-02-02,South Dakota,108431,1779,116,1
2021-02-03,South Dakota,108639,1782,208,3
2021-02-04,South Dakota,108813,1788,174,6
2021-02-05,South Dakota,108944,1798,131,10
2021-02-06,South Dakota,109132,1804,188,6
2021-02-07,South Dakota,109229,1809,97,5
2021-02-08,South Dakota,109283,1809,54,0
2021-02-09,South Dakota,109405,1809,122,0
2021-02-10,South Dakota,109580,1815,175,6
2021-02-11,South Dakota,109859,1829,279,14
2021-02-12,South Dakota,110068,1831,209,2
2021-02-13,South Dakota,110205,1838,137,7
2021-02-14,South Dakota,110315,1844,110,6
2021-02-15,South Dakota,110376,1844,61,0
2021-02-16,South Dakota,110593,1844,217,0
2021-02-17,South Dakota,110685,1844,92,0
2021-02-18,South Dakota,110871,1847,186,3
2021-02-19,South Dakota,111018,1853,147,6
2021-02-20,South Dakota,111165,1859,147,6
2021-02-21,South Dakota,111304,1863,139,4
2021-02-22,South Dakota,111334,1863,30,0
2021-02-23,South Dakota,111546,1863,212,0
2021-02-24,South Dakota,111808,1864,262,1
2021-02-25,South Dakota,111964,1872,156,8
2021-02-26,South Dakota,112107,1879,143,7
2021-02-27,South Dakota,112293,1886,186,7
2021-02-28,South Dakota,112427,1888,134,2
2021-03-01,South Dakota,112470,1888,43,0
2021-03-02,South Dakota,112652,1888,182,0
2021-03-03,South Dakota,112833,1893,181,5
2021-03-04,South Dakota,113065,1896,232,3
2021-03-05,South Dakota,113229,1896,164,0
2021-03-06,South Dakota,113378,1898,149,2
2021-03-07,South Dakota,113589,1900,211,2
2021-03-08,South Dakota,113596,1901,7,1
2021-03-09,South Dakota,113753,1901,157,0
2021-03-10,South Dakota,113962,1904,209,3
2021-03-11,South Dakota,114163,1905,201,1
2021-03-12,South Dakota,114347,1907,184,2
2021-03-13,South Dakota,114493,1909,146,2
2021-03-14,South Dakota,114623,1912,130,3
2021-03-15,South Dakota,114649,1912,26,0
2021-03-16,South Dakota,114791,1912,142,0
2021-03-17,South Dakota,114966,1915,175,3
2021-03-18,South Dakota,115203,1919,237,4
2021-03-19,South Dakota,115518,1919,315,0
2021-03-20,South Dakota,115723,1922,205,3
2021-03-21,South Dakota,115867,1923,144,1
2021-03-22,South Dakota,115972,1923,105,0
2021-03-23,South Dakota,116100,1923,128,0
2021-03-24,South Dakota,116370,1924,270,1
2021-03-25,South Dakota,116624,1927,254,3
2021-03-26,South Dakota,116833,1928,209,1
2021-03-27,South Dakota,117081,1933,248,5
2021-03-28,South Dakota,117244,1933,163,0
