date,state,total cases,total deaths,new cases,new deaths
2020-03-05,Tennessee,1,0,1,0
2020-03-06,Tennessee,1,0,0,0
2020-03-07,Tennessee,1,0,0,0
2020-03-08,Tennessee,3,0,2,0
2020-03-09,Tennessee,4,0,1,0
2020-03-10,Tennessee,7,0,3,0
2020-03-11,Tennessee,8,0,1,0
2020-03-12,Tennessee,18,0,10,0
2020-03-13,Tennessee,26,0,8,0
2020-03-14,Tennessee,32,0,6,0
2020-03-15,Tennessee,39,0,7,0
2020-03-16,Tennessee,52,0,13,0
2020-03-17,Tennessee,73,0,21,0
2020-03-18,Tennessee,98,0,25,0
2020-03-19,Tennessee,155,0,57,0
2020-03-20,Tennessee,237,0,82,0
2020-03-21,Tennessee,312,2,75,2
2020-03-22,Tennessee,424,2,112,0
2020-03-23,Tennessee,522,2,98,0
2020-03-24,Tennessee,678,2,156,0
2020-03-25,Tennessee,806,3,128,1
2020-03-26,Tennessee,981,3,175,0
2020-03-27,Tennessee,1180,6,199,3
2020-03-28,Tennessee,1363,6,183,0
2020-03-29,Tennessee,1569,7,206,1
2020-03-30,Tennessee,1721,13,152,6
2020-03-31,Tennessee,2049,13,328,0
2020-04-01,Tennessee,2689,23,640,10
2020-04-02,Tennessee,2868,32,179,9
2020-04-03,Tennessee,3032,38,164,6
2020-04-04,Tennessee,3265,47,233,9
2020-04-05,Tennessee,3538,50,273,3
2020-04-06,Tennessee,3753,65,215,15
2020-04-07,Tennessee,4010,72,257,7
2020-04-08,Tennessee,4246,83,236,11
2020-04-09,Tennessee,4456,95,210,12
2020-04-10,Tennessee,4793,104,337,9
2020-04-11,Tennessee,4983,107,190,3
2020-04-12,Tennessee,5144,107,161,0
2020-04-13,Tennessee,5483,114,339,7
2020-04-14,Tennessee,5654,123,171,9
2020-04-15,Tennessee,5864,135,210,12
2020-04-16,Tennessee,6077,142,213,7
2020-04-17,Tennessee,6423,146,346,4
2020-04-18,Tennessee,6624,148,201,2
2020-04-19,Tennessee,6824,151,200,3
2020-04-20,Tennessee,6994,156,170,5
2020-04-21,Tennessee,7317,159,323,3
2020-04-22,Tennessee,7681,169,364,10
2020-04-23,Tennessee,8169,172,488,3
2020-04-24,Tennessee,8618,172,449,0
2020-04-25,Tennessee,8918,179,300,7
2020-04-26,Tennessee,9435,182,517,3
2020-04-27,Tennessee,9739,184,304,2
2020-04-28,Tennessee,9974,190,235,6
2020-04-29,Tennessee,10255,196,281,6
2020-04-30,Tennessee,10506,200,251,4
2020-05-01,Tennessee,11781,205,1275,5
2020-05-02,Tennessee,12376,210,595,5
2020-05-03,Tennessee,12871,211,495,1
2020-05-04,Tennessee,13283,216,412,5
2020-05-05,Tennessee,13555,225,272,9
2020-05-06,Tennessee,13737,237,182,12
2020-05-07,Tennessee,14108,238,371,1
2020-05-08,Tennessee,14276,240,168,2
2020-05-09,Tennessee,14675,241,399,1
2020-05-10,Tennessee,15060,242,385,1
2020-05-11,Tennessee,15423,248,363,6
2020-05-12,Tennessee,15777,264,354,16
2020-05-13,Tennessee,16261,271,484,7
2020-05-14,Tennessee,16588,284,327,13
2020-05-15,Tennessee,16917,288,329,4
2020-05-16,Tennessee,17204,292,287,4
2020-05-17,Tennessee,17391,293,187,1
2020-05-18,Tennessee,17767,296,376,3
2020-05-19,Tennessee,18301,301,534,5
2020-05-20,Tennessee,18534,309,233,8
2020-05-21,Tennessee,18970,313,436,4
2020-05-22,Tennessee,19364,315,394,2
2020-05-23,Tennessee,19765,325,401,10
2020-05-24,Tennessee,20116,332,351,7
2020-05-25,Tennessee,20533,334,417,2
2020-05-26,Tennessee,20960,339,427,5
2020-05-27,Tennessee,21360,353,400,14
2020-05-28,Tennessee,21763,352,403,0
2020-05-29,Tennessee,22199,356,436,4
2020-05-30,Tennessee,22676,360,477,4
2020-05-31,Tennessee,22832,360,156,0
2020-06-01,Tennessee,23242,361,410,1
2020-06-02,Tennessee,24498,378,1256,17
2020-06-03,Tennessee,25024,386,526,8
2020-06-04,Tennessee,25374,401,350,15
2020-06-05,Tennessee,25799,405,425,4
2020-06-06,Tennessee,26359,413,560,8
2020-06-07,Tennessee,26811,414,452,1
2020-06-08,Tennessee,27217,417,406,3
2020-06-09,Tennessee,27865,430,648,13
2020-06-10,Tennessee,28379,436,514,6
2020-06-11,Tennessee,28766,441,387,5
2020-06-12,Tennessee,29218,461,452,20
2020-06-13,Tennessee,29616,465,398,4
2020-06-14,Tennessee,30174,467,558,2
2020-06-15,Tennessee,30945,477,771,10
2020-06-16,Tennessee,31623,487,678,10
2020-06-17,Tennessee,32112,493,489,6
2020-06-18,Tennessee,32604,504,492,11
2020-06-19,Tennessee,33603,508,999,4
2020-06-20,Tennessee,34223,516,620,8
2020-06-21,Tennessee,34719,519,496,3
2020-06-22,Tennessee,35255,525,536,6
2020-06-23,Tennessee,36018,535,763,10
2020-06-24,Tennessee,36822,548,804,13
2020-06-25,Tennessee,37695,558,873,10
2020-06-26,Tennessee,38802,569,1107,11
2020-06-27,Tennessee,39813,577,1011,8
2020-06-28,Tennessee,39945,577,132,0
2020-06-29,Tennessee,41388,585,1443,8
2020-06-30,Tennessee,42815,597,1427,12
2020-07-01,Tennessee,44360,602,1545,5
2020-07-02,Tennessee,46176,612,1816,10
2020-07-03,Tennessee,47882,626,1706,14
2020-07-04,Tennessee,49232,630,1350,4
2020-07-05,Tennessee,50365,639,1133,9
2020-07-06,Tennessee,51509,646,1144,7
2020-07-07,Tennessee,52643,657,1134,11
2020-07-08,Tennessee,54756,678,2113,21
2020-07-09,Tennessee,56531,700,1775,22
2020-07-10,Tennessee,58224,713,1693,13
2020-07-11,Tennessee,59981,728,1757,15
2020-07-12,Tennessee,61106,731,1125,3
2020-07-13,Tennessee,63615,738,2509,7
2020-07-14,Tennessee,65412,757,1797,19
2020-07-15,Tennessee,67515,773,2103,16
2020-07-16,Tennessee,69827,786,2312,13
2020-07-17,Tennessee,72072,805,2245,19
2020-07-18,Tennessee,74518,828,2446,23
2020-07-19,Tennessee,76180,834,1662,6
2020-07-20,Tennessee,77944,838,1764,4
2020-07-21,Tennessee,80026,863,2082,25
2020-07-22,Tennessee,82172,878,2146,15
2020-07-23,Tennessee,84652,913,2480,35
2020-07-24,Tennessee,86667,926,2015,13
2020-07-25,Tennessee,88459,953,1792,27
2020-07-26,Tennessee,91330,955,2871,2
2020-07-27,Tennessee,93869,965,2539,10
2020-07-28,Tennessee,96318,988,2449,23
2020-07-29,Tennessee,98145,1008,1827,20
2020-07-30,Tennessee,100166,1022,2021,14
2020-07-31,Tennessee,103144,1047,2978,25
2020-08-01,Tennessee,105455,1056,2311,9
2020-08-02,Tennessee,106804,1062,1349,6
2020-08-03,Tennessee,107900,1078,1096,16
2020-08-04,Tennessee,109652,1103,1752,25
2020-08-05,Tennessee,111305,1130,1653,27
2020-08-06,Tennessee,113519,1170,2214,40
2020-08-07,Tennessee,115940,1190,2421,20
2020-08-08,Tennessee,117725,1201,1785,11
2020-08-09,Tennessee,119788,1209,2063,8
2020-08-10,Tennessee,120967,1223,1179,14
2020-08-11,Tennessee,122003,1259,1036,36
2020-08-12,Tennessee,123489,1274,1486,15
2020-08-13,Tennessee,125487,1300,1998,26
2020-08-14,Tennessee,127465,1312,1978,12
2020-08-15,Tennessee,128771,1331,1306,19
2020-08-16,Tennessee,130620,1349,1849,18
2020-08-17,Tennessee,131742,1370,1122,21
2020-08-18,Tennessee,132796,1410,1054,40
2020-08-19,Tennessee,134810,1437,2014,27
2020-08-20,Tennessee,136260,1470,1450,33
2020-08-21,Tennessee,137932,1528,1672,58
2020-08-22,Tennessee,139366,1542,1434,14
2020-08-23,Tennessee,141000,1547,1634,5
2020-08-24,Tennessee,141675,1578,675,31
2020-08-25,Tennessee,142501,1605,826,27
2020-08-26,Tennessee,144400,1623,1899,18
2020-08-27,Tennessee,146183,1650,1783,27
2020-08-28,Tennessee,147814,1675,1631,25
2020-08-29,Tennessee,149310,1700,1496,25
2020-08-30,Tennessee,150249,1722,939,22
2020-08-31,Tennessee,152033,1727,1784,5
2020-09-01,Tennessee,153274,1753,1241,26
2020-09-02,Tennessee,154833,1768,1559,15
2020-09-03,Tennessee,157028,1791,2195,23
2020-09-04,Tennessee,158120,1813,1092,22
2020-09-05,Tennessee,159893,1838,1773,25
2020-09-06,Tennessee,161589,1841,1696,3
2020-09-07,Tennessee,162531,1845,942,4
2020-09-08,Tennessee,163180,1873,649,28
2020-09-09,Tennessee,164032,1908,852,35
2020-09-10,Tennessee,165911,1963,1879,55
2020-09-11,Tennessee,167263,1999,1352,36
2020-09-12,Tennessee,168552,2040,1289,41
2020-09-13,Tennessee,169310,2055,758,15
2020-09-14,Tennessee,171498,2073,2188,18
2020-09-15,Tennessee,172692,2102,1194,29
2020-09-16,Tennessee,174400,2127,1708,25
2020-09-17,Tennessee,175702,2141,1302,14
2020-09-18,Tennessee,177707,2173,2005,32
2020-09-19,Tennessee,179017,2193,1310,20
2020-09-20,Tennessee,180621,2195,1604,2
2020-09-21,Tennessee,181725,2209,1104,14
2020-09-22,Tennessee,182546,2236,821,27
2020-09-23,Tennessee,184068,2252,1522,16
2020-09-24,Tennessee,185121,2287,1053,35
2020-09-25,Tennessee,186769,2326,1648,39
2020-09-26,Tennessee,188205,2347,1436,21
2020-09-27,Tennessee,190037,2350,1832,3
2020-09-28,Tennessee,190991,2362,954,12
2020-09-29,Tennessee,191859,2393,868,31
2020-09-30,Tennessee,193357,2429,1498,36
2020-10-01,Tennessee,194601,2473,1244,44
2020-10-02,Tennessee,195680,2489,1079,16
2020-10-03,Tennessee,196870,2534,1190,45
2020-10-04,Tennessee,198262,2550,1392,16
2020-10-05,Tennessee,200603,2570,2341,20
2020-10-06,Tennessee,202257,2594,1654,24
2020-10-07,Tennessee,204286,2615,2029,21
2020-10-08,Tennessee,206265,2676,1979,61
2020-10-09,Tennessee,207823,2702,1558,26
2020-10-10,Tennessee,209593,2729,1770,27
2020-10-11,Tennessee,211426,2738,1833,9
2020-10-12,Tennessee,214245,2745,2819,7
2020-10-13,Tennessee,215423,2768,1178,23
2020-10-14,Tennessee,217140,2801,1717,33
2020-10-15,Tennessee,219355,2836,2215,35
2020-10-16,Tennessee,220099,2847,744,11
2020-10-17,Tennessee,222608,2875,2509,28
2020-10-18,Tennessee,225126,2884,2518,9
2020-10-19,Tennessee,228267,2896,3141,12
2020-10-20,Tennessee,229794,2924,1527,28
2020-10-21,Tennessee,232100,2946,2306,22
2020-10-22,Tennessee,234079,2983,1979,37
2020-10-23,Tennessee,237607,3043,3528,60
2020-10-24,Tennessee,240191,3067,2584,24
2020-10-25,Tennessee,243508,3105,3317,38
2020-10-26,Tennessee,245760,3132,2252,27
2020-10-27,Tennessee,247688,3176,1928,44
2020-10-28,Tennessee,250269,3209,2581,33
2020-10-29,Tennessee,252727,3229,2458,20
2020-10-30,Tennessee,255332,3307,2605,78
2020-10-31,Tennessee,256923,3322,1591,15
2020-11-01,Tennessee,257658,3322,735,0
2020-11-02,Tennessee,260275,3347,2617,25
2020-11-03,Tennessee,262053,3419,1778,72
2020-11-04,Tennessee,265407,3446,3354,27
2020-11-05,Tennessee,267557,3474,2150,28
2020-11-06,Tennessee,269292,3508,1735,34
2020-11-07,Tennessee,273603,3556,4311,48
2020-11-08,Tennessee,277073,3561,3470,5
2020-11-09,Tennessee,282746,3577,5673,16
2020-11-10,Tennessee,284725,3639,1979,62
2020-11-11,Tennessee,288311,3727,3586,88
2020-11-12,Tennessee,291482,3751,3171,24
2020-11-13,Tennessee,295135,3814,3653,63
2020-11-14,Tennessee,299597,3839,4462,25
2020-11-15,Tennessee,305211,3856,5614,17
2020-11-16,Tennessee,312710,3884,7499,28
2020-11-17,Tennessee,314553,3953,1843,69
2020-11-18,Tennessee,319021,4005,4468,52
2020-11-19,Tennessee,321832,4082,2811,77
2020-11-20,Tennessee,325282,4156,3450,74
2020-11-21,Tennessee,329490,4163,4208,7
2020-11-22,Tennessee,333853,4218,4363,55
2020-11-23,Tennessee,337637,4254,3784,36
2020-11-24,Tennessee,339059,4325,1422,71
2020-11-25,Tennessee,341456,4415,2397,90
2020-11-26,Tennessee,345371,4468,3915,53
2020-11-27,Tennessee,349506,4475,4135,7
2020-11-28,Tennessee,355885,4489,6379,14
2020-11-29,Tennessee,358809,4500,2924,11
2020-11-30,Tennessee,366412,4546,7603,46
2020-12-01,Tennessee,371980,4584,5568,38
2020-12-02,Tennessee,375995,4635,4015,51
2020-12-03,Tennessee,379679,4727,3684,92
2020-12-04,Tennessee,383995,4822,4316,95
2020-12-05,Tennessee,388815,4851,4820,29
2020-12-06,Tennessee,391393,4888,2578,37
2020-12-07,Tennessee,399323,4953,7930,65
2020-12-08,Tennessee,405149,5051,5826,98
2020-12-09,Tennessee,413043,5113,7894,62
2020-12-10,Tennessee,418902,5183,5859,70
2020-12-11,Tennessee,425954,5271,7052,88
2020-12-12,Tennessee,432246,5344,6292,73
2020-12-13,Tennessee,442707,5406,10461,62
2020-12-14,Tennessee,452476,5484,9769,78
2020-12-15,Tennessee,460454,5557,7978,73
2020-12-16,Tennessee,471348,5610,10894,53
2020-12-17,Tennessee,480225,5783,8877,173
2020-12-18,Tennessee,490304,5897,10079,114
2020-12-19,Tennessee,494497,5953,4193,56
2020-12-20,Tennessee,505880,6007,11383,54
2020-12-21,Tennessee,515145,6072,9265,65
2020-12-22,Tennessee,519475,6205,4330,133
2020-12-23,Tennessee,527326,6316,7851,111
2020-12-24,Tennessee,532375,6367,5049,51
2020-12-25,Tennessee,541267,6367,8892,0
2020-12-26,Tennessee,546245,6382,4978,15
2020-12-27,Tennessee,549299,6451,3054,69
2020-12-28,Tennessee,552794,6524,3495,73
2020-12-29,Tennessee,557554,6647,4760,123
2020-12-30,Tennessee,566457,6748,8903,101
2020-12-31,Tennessee,572579,6846,6122,98
2021-01-01,Tennessee,572579,6846,0,0
2021-01-02,Tennessee,589406,6908,16827,62
2021-01-03,Tennessee,593363,6962,3957,54
2021-01-04,Tennessee,597201,7101,3838,139
2021-01-05,Tennessee,602397,7200,5196,99
2021-01-06,Tennessee,610347,7312,7950,112
2021-01-07,Tennessee,620557,7424,10210,112
2021-01-08,Tennessee,627776,7549,7219,125
2021-01-09,Tennessee,634222,7634,6446,85
2021-01-10,Tennessee,641123,7715,6901,81
2021-01-11,Tennessee,645378,7795,4255,80
2021-01-12,Tennessee,649227,7941,3849,146
2021-01-13,Tennessee,653568,8072,4341,131
2021-01-14,Tennessee,658431,8155,4863,83
2021-01-15,Tennessee,663486,8233,5055,78
2021-01-16,Tennessee,668142,8276,4656,43
2021-01-17,Tennessee,672292,8312,4150,36
2021-01-18,Tennessee,674915,8350,2623,38
2021-01-19,Tennessee,677425,8391,2510,41
2021-01-20,Tennessee,681451,8477,4026,86
2021-01-21,Tennessee,685037,8606,3586,129
2021-01-22,Tennessee,688782,8695,3745,89
2021-01-23,Tennessee,692048,8736,3266,41
2021-01-24,Tennessee,694381,8776,2333,40
2021-01-25,Tennessee,695935,8887,1554,111
2021-01-26,Tennessee,699570,9078,3635,191
2021-01-27,Tennessee,701997,9230,2427,152
2021-01-28,Tennessee,704464,9332,2467,102
2021-01-29,Tennessee,708721,9374,4257,42
2021-01-30,Tennessee,710748,9483,2027,109
2021-01-31,Tennessee,713290,9557,2542,74
2021-02-01,Tennessee,715439,9660,2149,103
2021-02-02,Tennessee,717472,9806,2033,146
2021-02-03,Tennessee,719332,9939,1860,133
2021-02-04,Tennessee,722288,10107,2956,168
2021-02-05,Tennessee,724749,10307,2461,200
2021-02-06,Tennessee,727428,10365,2679,58
2021-02-07,Tennessee,729389,10370,1961,5
2021-02-08,Tennessee,731454,10465,2065,95
2021-02-09,Tennessee,732979,10528,1525,63
2021-02-10,Tennessee,735597,10626,2618,98
2021-02-11,Tennessee,737833,10721,2236,95
2021-02-12,Tennessee,739996,10802,2163,81
2021-02-13,Tennessee,741816,10811,1820,9
2021-02-14,Tennessee,743266,10842,1450,31
2021-02-15,Tennessee,745150,10846,1884,4
2021-02-16,Tennessee,746183,10862,1033,16
2021-02-17,Tennessee,747117,10892,934,30
2021-02-18,Tennessee,748207,10964,1090,72
2021-02-19,Tennessee,749512,10971,1305,7
2021-02-20,Tennessee,750628,11022,1116,51
2021-02-21,Tennessee,751663,11040,1035,18
2021-02-22,Tennessee,752816,11059,1153,19
2021-02-23,Tennessee,754161,11108,1345,49
2021-02-24,Tennessee,755637,11175,1476,67
2021-02-25,Tennessee,757505,11228,1868,53
2021-02-26,Tennessee,759124,11284,1619,56
2021-02-27,Tennessee,760289,11299,1165,15
2021-02-28,Tennessee,761232,11317,943,18
2021-03-01,Tennessee,761891,11327,659,10
2021-03-02,Tennessee,762964,11342,1073,15
2021-03-03,Tennessee,764297,11365,1333,23
2021-03-04,Tennessee,765869,11407,1572,42
2021-03-05,Tennessee,767073,11439,1204,32
2021-03-06,Tennessee,768139,11447,1066,8
2021-03-07,Tennessee,769161,11450,1022,3
2021-03-08,Tennessee,770202,11459,1041,9
2021-03-09,Tennessee,771292,11489,1090,30
2021-03-10,Tennessee,772634,11506,1342,17
2021-03-11,Tennessee,773907,11520,1273,14
2021-03-12,Tennessee,775589,11536,1682,16
2021-03-13,Tennessee,775718,11536,129,0
2021-03-14,Tennessee,775773,11536,55,0
2021-03-15,Tennessee,778768,11535,2995,0
2021-03-16,Tennessee,779888,11547,1120,12
2021-03-17,Tennessee,781593,11555,1705,8
2021-03-18,Tennessee,782482,11578,889,23
2021-03-19,Tennessee,784120,11606,1638,28
2021-03-20,Tennessee,784220,11606,100,0
2021-03-21,Tennessee,784267,11606,47,0
2021-03-22,Tennessee,787263,11610,2996,4
2021-03-23,Tennessee,788549,11643,1286,33
2021-03-24,Tennessee,789976,11687,1427,44
2021-03-25,Tennessee,791437,11692,1461,5
2021-03-26,Tennessee,792724,11713,1287,21
2021-03-27,Tennessee,792763,11713,39,0
2021-03-28,Tennessee,792811,11713,48,0
2021-03-29,Tennessee,795088,11761,2277,48
2021-03-30,Tennessee,796371,11789,1283,28
2021-03-31,Tennessee,797531,11798,1160,9
2021-04-01,Tennessee,799226,11809,1695,11
2021-04-02,Tennessee,799445,11809,219,0
2021-04-03,Tennessee,799450,11809,5,0
2021-04-04,Tennessee,799463,11809,13,0
2021-04-05,Tennessee,803028,11828,3565,19
2021-04-06,Tennessee,803916,11866,888,38
2021-04-07,Tennessee,805232,11875,1316,9
2021-04-08,Tennessee,806768,11895,1536,20
2021-04-09,Tennessee,807921,11900,1153,5
2021-04-10,Tennessee,807996,11900,75,0
2021-04-11,Tennessee,808060,11900,64,0
2021-04-12,Tennessee,810376,11914,2316,14
2021-04-13,Tennessee,811905,11921,1529,7
2021-04-14,Tennessee,813127,11934,1222,13
2021-04-15,Tennessee,814809,11942,1682,8
2021-04-16,Tennessee,816148,11951,1339,9
2021-04-17,Tennessee,816230,11951,82,0
2021-04-18,Tennessee,816289,11951,59,0
2021-04-19,Tennessee,821538,11986,5249,35
2021-04-20,Tennessee,822305,12001,767,15
2021-04-21,Tennessee,823524,12016,1219,15
2021-04-22,Tennessee,825274,12035,1750,19
2021-04-23,Tennessee,826550,12045,1276,10
2021-04-24,Tennessee,826608,12045,58,0
2021-04-25,Tennessee,826672,12045,64,0
2021-04-26,Tennessee,828528,12055,1856,10
2021-04-27,Tennessee,829599,12066,1071,11
2021-04-28,Tennessee,830660,12074,1061,8
2021-04-29,Tennessee,831905,12091,1245,17
2021-04-30,Tennessee,832853,12100,948,9
2021-05-01,Tennessee,832906,12100,53,0
2021-05-02,Tennessee,832935,12100,29,0
2021-05-03,Tennessee,834739,12108,1804,8
2021-05-04,Tennessee,835281,12120,542,12
2021-05-05,Tennessee,836094,12131,813,11
2021-05-06,Tennessee,837185,12148,1091,17
2021-05-07,Tennessee,837967,12158,782,10
2021-05-08,Tennessee,838024,12158,57,0
2021-05-09,Tennessee,838061,12158,37,0
2021-05-10,Tennessee,839439,12178,1378,20
2021-05-11,Tennessee,840049,12194,610,16
2021-05-12,Tennessee,840839,12197,790,3
2021-05-13,Tennessee,841695,12206,856,9
2021-05-14,Tennessee,842266,12213,571,7
2021-05-15,Tennessee,842329,12213,63,0
2021-05-16,Tennessee,842366,12213,37,0
2021-05-17,Tennessee,843588,12228,1222,15
2021-05-18,Tennessee,844110,12240,522,12
2021-05-19,Tennessee,844579,12254,469,14
