date,state,total cases,total deaths,new cases,new deaths
2020-03-14,Virgin Islands,1,0,1,0
2020-03-15,Virgin Islands,1,0,0,0
2020-03-16,Virgin Islands,2,0,1,0
2020-03-17,Virgin Islands,2,0,0,0
2020-03-18,Virgin Islands,3,0,1,0
2020-03-19,Virgin Islands,3,0,0,0
2020-03-20,Virgin Islands,6,0,3,0
2020-03-21,Virgin Islands,6,0,0,0
2020-03-22,Virgin Islands,17,0,11,0
2020-03-23,Virgin Islands,17,0,0,0
2020-03-24,Virgin Islands,17,0,0,0
2020-03-25,Virgin Islands,17,0,0,0
2020-03-26,Virgin Islands,17,0,0,0
2020-03-27,Virgin Islands,19,0,2,0
2020-03-28,Virgin Islands,19,0,0,0
2020-03-29,Virgin Islands,23,0,4,0
2020-03-30,Virgin Islands,30,0,7,0
2020-03-31,Virgin Islands,30,0,0,0
2020-04-01,Virgin Islands,30,0,0,0
2020-04-02,Virgin Islands,37,0,7,0
2020-04-03,Virgin Islands,38,0,1,0
2020-04-04,Virgin Islands,42,0,4,0
2020-04-05,Virgin Islands,42,0,0,0
2020-04-06,Virgin Islands,44,1,2,1
2020-04-07,Virgin Islands,45,1,1,0
2020-04-08,Virgin Islands,46,1,1,0
2020-04-09,Virgin Islands,50,1,4,0
2020-04-10,Virgin Islands,51,1,1,0
2020-04-11,Virgin Islands,51,1,0,0
2020-04-12,Virgin Islands,51,1,0,0
2020-04-13,Virgin Islands,51,1,0,0
2020-04-14,Virgin Islands,51,1,0,0
2020-04-15,Virgin Islands,51,1,0,0
2020-04-16,Virgin Islands,51,2,0,1
2020-04-17,Virgin Islands,53,3,2,1
2020-04-18,Virgin Islands,53,3,0,0
2020-04-19,Virgin Islands,53,3,0,0
2020-04-20,Virgin Islands,54,3,1,0
2020-04-21,Virgin Islands,54,3,0,0
2020-04-22,Virgin Islands,54,3,0,0
2020-04-23,Virgin Islands,54,3,0,0
2020-04-24,Virgin Islands,55,3,1,0
2020-04-25,Virgin Islands,57,4,2,1
2020-04-26,Virgin Islands,59,4,2,0
2020-04-27,Virgin Islands,59,4,0,0
2020-04-28,Virgin Islands,62,4,3,0
2020-04-29,Virgin Islands,66,4,4,0
2020-04-30,Virgin Islands,66,4,0,0
2020-05-01,Virgin Islands,66,4,0,0
2020-05-02,Virgin Islands,66,4,0,0
2020-05-03,Virgin Islands,66,4,0,0
2020-05-04,Virgin Islands,66,4,0,0
2020-05-05,Virgin Islands,66,4,0,0
2020-05-06,Virgin Islands,66,4,0,0
2020-05-07,Virgin Islands,68,4,2,0
2020-05-08,Virgin Islands,69,4,1,0
2020-05-09,Virgin Islands,69,4,0,0
2020-05-10,Virgin Islands,69,5,0,1
2020-05-11,Virgin Islands,69,6,0,1
2020-05-12,Virgin Islands,69,6,0,0
2020-05-13,Virgin Islands,69,6,0,0
2020-05-14,Virgin Islands,69,6,0,0
2020-05-15,Virgin Islands,69,6,0,0
2020-05-16,Virgin Islands,69,6,0,0
2020-05-17,Virgin Islands,69,6,0,0
2020-05-18,Virgin Islands,69,6,0,0
2020-05-19,Virgin Islands,69,6,0,0
2020-05-20,Virgin Islands,69,6,0,0
2020-05-21,Virgin Islands,69,6,0,0
2020-05-22,Virgin Islands,69,6,0,0
2020-05-23,Virgin Islands,69,6,0,0
2020-05-24,Virgin Islands,69,6,0,0
2020-05-25,Virgin Islands,69,6,0,0
2020-05-26,Virgin Islands,69,6,0,0
2020-05-27,Virgin Islands,69,6,0,0
2020-05-28,Virgin Islands,69,6,0,0
2020-05-29,Virgin Islands,69,6,0,0
2020-05-30,Virgin Islands,70,6,1,0
2020-05-31,Virgin Islands,70,6,0,0
2020-06-01,Virgin Islands,70,6,0,0
2020-06-02,Virgin Islands,70,6,0,0
2020-06-03,Virgin Islands,71,6,1,0
2020-06-04,Virgin Islands,71,6,0,0
2020-06-05,Virgin Islands,71,6,0,0
2020-06-06,Virgin Islands,71,6,0,0
2020-06-07,Virgin Islands,71,6,0,0
2020-06-08,Virgin Islands,71,6,0,0
2020-06-09,Virgin Islands,72,6,1,0
2020-06-10,Virgin Islands,72,6,0,0
2020-06-11,Virgin Islands,72,6,0,0
2020-06-12,Virgin Islands,72,6,0,0
2020-06-13,Virgin Islands,72,6,0,0
2020-06-14,Virgin Islands,73,6,1,0
2020-06-15,Virgin Islands,73,6,0,0
2020-06-16,Virgin Islands,73,6,0,0
2020-06-17,Virgin Islands,73,6,0,0
2020-06-18,Virgin Islands,74,6,1,0
2020-06-19,Virgin Islands,74,6,0,0
2020-06-20,Virgin Islands,76,6,2,0
2020-06-21,Virgin Islands,76,6,0,0
2020-06-22,Virgin Islands,76,6,0,0
2020-06-23,Virgin Islands,78,6,2,0
2020-06-24,Virgin Islands,80,6,2,0
2020-06-25,Virgin Islands,81,6,1,0
2020-06-26,Virgin Islands,81,6,0,0
2020-06-27,Virgin Islands,81,6,0,0
2020-06-28,Virgin Islands,81,6,0,0
2020-06-29,Virgin Islands,84,6,3,0
2020-06-30,Virgin Islands,90,6,6,0
2020-07-01,Virgin Islands,92,6,2,0
2020-07-02,Virgin Islands,98,6,6,0
2020-07-03,Virgin Islands,111,6,13,0
2020-07-04,Virgin Islands,112,6,1,0
2020-07-05,Virgin Islands,112,6,0,0
2020-07-06,Virgin Islands,116,6,4,0
2020-07-07,Virgin Islands,122,6,6,0
2020-07-08,Virgin Islands,144,6,22,0
2020-07-09,Virgin Islands,153,6,9,0
2020-07-10,Virgin Islands,167,6,14,0
2020-07-11,Virgin Islands,181,6,14,0
2020-07-12,Virgin Islands,206,6,25,0
2020-07-13,Virgin Islands,217,6,11,0
2020-07-14,Virgin Islands,243,6,26,0
2020-07-15,Virgin Islands,249,6,6,0
2020-07-16,Virgin Islands,263,6,14,0
2020-07-17,Virgin Islands,283,6,20,0
2020-07-18,Virgin Islands,297,6,14,0
2020-07-19,Virgin Islands,297,6,0,0
2020-07-20,Virgin Islands,308,6,11,0
2020-07-21,Virgin Islands,308,6,0,0
2020-07-22,Virgin Islands,336,7,28,1
2020-07-23,Virgin Islands,342,7,6,0
2020-07-24,Virgin Islands,352,7,10,0
2020-07-25,Virgin Islands,352,7,0,0
2020-07-26,Virgin Islands,361,7,9,0
2020-07-27,Virgin Islands,375,7,14,0
2020-07-28,Virgin Islands,375,7,0,0
2020-07-29,Virgin Islands,385,8,10,1
2020-07-30,Virgin Islands,385,8,0,0
2020-07-31,Virgin Islands,406,8,21,0
2020-08-01,Virgin Islands,421,8,15,0
2020-08-02,Virgin Islands,421,8,0,0
2020-08-03,Virgin Islands,439,8,18,0
2020-08-04,Virgin Islands,463,8,24,0
2020-08-05,Virgin Islands,501,9,38,1
2020-08-06,Virgin Islands,522,9,21,0
2020-08-07,Virgin Islands,528,9,6,0
2020-08-08,Virgin Islands,528,9,0,0
2020-08-09,Virgin Islands,547,9,19,0
2020-08-10,Virgin Islands,576,9,29,0
2020-08-11,Virgin Islands,639,9,63,0
2020-08-12,Virgin Islands,639,9,0,0
2020-08-13,Virgin Islands,704,9,65,0
2020-08-14,Virgin Islands,734,9,30,0
2020-08-15,Virgin Islands,734,9,0,0
2020-08-16,Virgin Islands,741,9,7,0
2020-08-17,Virgin Islands,760,9,19,0
2020-08-18,Virgin Islands,796,9,36,0
2020-08-19,Virgin Islands,828,9,32,0
2020-08-20,Virgin Islands,869,10,41,1
2020-08-21,Virgin Islands,960,10,91,0
2020-08-22,Virgin Islands,960,10,0,0
2020-08-23,Virgin Islands,984,11,24,1
2020-08-24,Virgin Islands,998,12,14,1
2020-08-25,Virgin Islands,1030,14,32,2
2020-08-26,Virgin Islands,1030,14,0,0
2020-08-27,Virgin Islands,1075,14,45,0
2020-08-28,Virgin Islands,1075,14,0,0
2020-08-29,Virgin Islands,1129,14,54,0
2020-08-30,Virgin Islands,1134,14,5,0
2020-08-31,Virgin Islands,1139,15,5,1
2020-09-01,Virgin Islands,1143,15,4,0
2020-09-02,Virgin Islands,1144,15,1,0
2020-09-03,Virgin Islands,1150,16,6,1
2020-09-04,Virgin Islands,1150,16,0,0
2020-09-05,Virgin Islands,1167,16,17,0
2020-09-06,Virgin Islands,1181,17,14,1
2020-09-07,Virgin Islands,1190,17,9,0
2020-09-08,Virgin Islands,1191,18,1,1
2020-09-09,Virgin Islands,1197,18,6,0
2020-09-10,Virgin Islands,1201,18,4,0
2020-09-11,Virgin Islands,1201,18,0,0
2020-09-12,Virgin Islands,1220,19,19,1
2020-09-13,Virgin Islands,1220,19,0,0
2020-09-14,Virgin Islands,1221,19,1,0
2020-09-15,Virgin Islands,1232,19,11,0
2020-09-16,Virgin Islands,1232,19,0,0
2020-09-17,Virgin Islands,1238,19,6,0
2020-09-18,Virgin Islands,1257,19,19,0
2020-09-19,Virgin Islands,1257,19,0,0
2020-09-20,Virgin Islands,1269,19,12,0
2020-09-21,Virgin Islands,1269,19,0,0
2020-09-22,Virgin Islands,1278,19,9,0
2020-09-23,Virgin Islands,1290,19,12,0
2020-09-24,Virgin Islands,1290,19,0,0
2020-09-25,Virgin Islands,1296,19,6,0
2020-09-26,Virgin Islands,1317,19,21,0
2020-09-27,Virgin Islands,1317,19,0,0
2020-09-28,Virgin Islands,1318,20,1,1
2020-09-29,Virgin Islands,1318,20,0,0
2020-09-30,Virgin Islands,1318,20,0,0
2020-10-01,Virgin Islands,1326,20,8,0
2020-10-02,Virgin Islands,1326,20,0,0
2020-10-03,Virgin Islands,1327,20,1,0
2020-10-04,Virgin Islands,1327,20,0,0
2020-10-05,Virgin Islands,1322,20,0,0
2020-10-06,Virgin Islands,1321,20,0,0
2020-10-07,Virgin Islands,1322,20,1,0
2020-10-08,Virgin Islands,1324,20,2,0
2020-10-09,Virgin Islands,1324,20,0,0
2020-10-10,Virgin Islands,1325,20,1,0
2020-10-11,Virgin Islands,1325,20,0,0
2020-10-12,Virgin Islands,1325,20,0,0
2020-10-13,Virgin Islands,1328,20,3,0
2020-10-14,Virgin Islands,1328,20,0,0
2020-10-15,Virgin Islands,1329,21,1,1
2020-10-16,Virgin Islands,1329,21,0,0
2020-10-17,Virgin Islands,1335,21,6,0
2020-10-18,Virgin Islands,1335,21,0,0
2020-10-19,Virgin Islands,1335,21,0,0
2020-10-20,Virgin Islands,1337,21,2,0
2020-10-21,Virgin Islands,1337,21,0,0
2020-10-22,Virgin Islands,1343,21,6,0
2020-10-23,Virgin Islands,1346,21,3,0
2020-10-24,Virgin Islands,1346,21,0,0
2020-10-25,Virgin Islands,1346,21,0,0
2020-10-26,Virgin Islands,1348,21,2,0
2020-10-27,Virgin Islands,1351,21,3,0
2020-10-28,Virgin Islands,1353,21,2,0
2020-10-29,Virgin Islands,1353,21,0,0
2020-10-30,Virgin Islands,1362,21,9,0
2020-10-31,Virgin Islands,1376,21,14,0
2020-11-01,Virgin Islands,1376,21,0,0
2020-11-02,Virgin Islands,1376,21,0,0
2020-11-03,Virgin Islands,1385,22,9,1
2020-11-04,Virgin Islands,1388,23,3,1
2020-11-05,Virgin Islands,1388,23,0,0
2020-11-06,Virgin Islands,1390,23,2,0
2020-11-07,Virgin Islands,1405,23,15,0
2020-11-08,Virgin Islands,1405,23,0,0
2020-11-09,Virgin Islands,1405,23,0,0
2020-11-10,Virgin Islands,1413,23,8,0
2020-11-11,Virgin Islands,1413,23,0,0
2020-11-12,Virgin Islands,1413,23,0,0
2020-11-13,Virgin Islands,1426,23,13,0
2020-11-14,Virgin Islands,1434,23,8,0
2020-11-15,Virgin Islands,1434,23,0,0
2020-11-16,Virgin Islands,1434,23,0,0
2020-11-17,Virgin Islands,1450,23,16,0
2020-11-18,Virgin Islands,1463,23,13,0
2020-11-19,Virgin Islands,1469,23,6,0
2020-11-20,Virgin Islands,1482,23,13,0
2020-11-21,Virgin Islands,1491,23,9,0
2020-11-22,Virgin Islands,1504,23,13,0
2020-11-23,Virgin Islands,1507,23,3,0
2020-11-24,Virgin Islands,1521,23,14,0
2020-11-25,Virgin Islands,1521,23,0,0
2020-11-26,Virgin Islands,1521,23,0,0
2020-11-27,Virgin Islands,1521,23,0,0
2020-11-28,Virgin Islands,1540,23,19,0
2020-11-29,Virgin Islands,1544,23,4,0
2020-11-30,Virgin Islands,1544,23,0,0
2020-12-01,Virgin Islands,1550,23,6,0
2020-12-02,Virgin Islands,1589,23,39,0
2020-12-03,Virgin Islands,1589,23,0,0
2020-12-04,Virgin Islands,1613,23,24,0
2020-12-05,Virgin Islands,1613,23,0,0
2020-12-06,Virgin Islands,1613,23,0,0
2020-12-07,Virgin Islands,1649,23,36,0
2020-12-08,Virgin Islands,1680,23,31,0
2020-12-09,Virgin Islands,1698,23,18,0
2020-12-10,Virgin Islands,1733,23,35,0
2020-12-11,Virgin Islands,1791,23,58,0
2020-12-12,Virgin Islands,1791,23,0,0
2020-12-13,Virgin Islands,1791,23,0,0
2020-12-14,Virgin Islands,1807,23,16,0
2020-12-15,Virgin Islands,1828,23,21,0
2020-12-16,Virgin Islands,1828,23,0,0
2020-12-17,Virgin Islands,1878,23,50,0
2020-12-18,Virgin Islands,1900,23,22,0
2020-12-19,Virgin Islands,1910,23,10,0
2020-12-20,Virgin Islands,1921,23,11,0
2020-12-21,Virgin Islands,1921,23,0,0
2020-12-22,Virgin Islands,1934,23,13,0
2020-12-23,Virgin Islands,1950,23,16,0
2020-12-24,Virgin Islands,1967,23,17,0
2020-12-25,Virgin Islands,1979,23,12,0
2020-12-26,Virgin Islands,1979,23,0,0
2020-12-27,Virgin Islands,1979,23,0,0
2020-12-28,Virgin Islands,1979,23,0,0
2020-12-29,Virgin Islands,1979,23,0,0
2020-12-30,Virgin Islands,2010,23,31,0
2020-12-31,Virgin Islands,2031,23,21,0
2021-01-01,Virgin Islands,2036,23,5,0
2021-01-02,Virgin Islands,2042,23,6,0
2021-01-03,Virgin Islands,2042,23,0,0
2021-01-04,Virgin Islands,2042,23,0,0
2021-01-05,Virgin Islands,2042,23,0,0
2021-01-06,Virgin Islands,2042,23,0,0
2021-01-07,Virgin Islands,2042,23,0,0
2021-01-08,Virgin Islands,2042,23,0,0
2021-01-09,Virgin Islands,2042,23,0,0
2021-01-10,Virgin Islands,2042,23,0,0
2021-01-11,Virgin Islands,2042,23,0,0
2021-01-12,Virgin Islands,2166,24,124,1
2021-01-13,Virgin Islands,2166,24,0,0
2021-01-14,Virgin Islands,2166,24,0,0
2021-01-15,Virgin Islands,2166,24,0,0
2021-01-16,Virgin Islands,2166,24,0,0
2021-01-17,Virgin Islands,2260,24,94,0
2021-01-18,Virgin Islands,2260,24,0,0
2021-01-19,Virgin Islands,2283,24,23,0
2021-01-20,Virgin Islands,2305,24,22,0
2021-01-21,Virgin Islands,2305,24,0,0
2021-01-22,Virgin Islands,2321,24,16,0
2021-01-23,Virgin Islands,2341,24,20,0
2021-01-24,Virgin Islands,2341,24,0,0
2021-01-25,Virgin Islands,2350,24,9,0
2021-01-26,Virgin Islands,2373,24,23,0
2021-01-27,Virgin Islands,2373,24,0,0
2021-01-28,Virgin Islands,2384,24,11,0
2021-01-29,Virgin Islands,2398,24,14,0
2021-01-30,Virgin Islands,2398,24,0,0
2021-01-31,Virgin Islands,2398,24,0,0
2021-02-01,Virgin Islands,2421,24,23,0
2021-02-02,Virgin Islands,2426,24,5,0
2021-02-03,Virgin Islands,2430,24,4,0
2021-02-04,Virgin Islands,2440,24,10,0
2021-02-05,Virgin Islands,2449,24,9,0
2021-02-06,Virgin Islands,2449,24,0,0
2021-02-07,Virgin Islands,2466,24,17,0
2021-02-08,Virgin Islands,2466,24,0,0
2021-02-09,Virgin Islands,2485,24,19,0
2021-02-10,Virgin Islands,2485,24,0,0
2021-02-11,Virgin Islands,2505,25,20,1
2021-02-12,Virgin Islands,2525,25,20,0
2021-02-13,Virgin Islands,2525,25,0,0
2021-02-14,Virgin Islands,2525,25,0,0
2021-02-15,Virgin Islands,2542,25,17,0
2021-02-16,Virgin Islands,2542,25,0,0
2021-02-17,Virgin Islands,2545,25,3,0
2021-02-18,Virgin Islands,2558,25,13,0
2021-02-19,Virgin Islands,2575,25,17,0
2021-02-20,Virgin Islands,2575,25,0,0
2021-02-21,Virgin Islands,2575,25,0,0
2021-02-22,Virgin Islands,2579,25,4,0
2021-02-23,Virgin Islands,2589,25,10,0
2021-02-24,Virgin Islands,2623,25,34,0
2021-02-25,Virgin Islands,2636,25,13,0
2021-02-26,Virgin Islands,2636,25,0,0
2021-02-27,Virgin Islands,2646,25,10,0
2021-02-28,Virgin Islands,2646,25,0,0
2021-03-01,Virgin Islands,2646,25,0,0
2021-03-02,Virgin Islands,2646,25,0,0
2021-03-03,Virgin Islands,2695,25,49,0
2021-03-04,Virgin Islands,2704,25,9,0
2021-03-05,Virgin Islands,2714,25,10,0
2021-03-06,Virgin Islands,2714,25,0,0
2021-03-07,Virgin Islands,2714,25,0,0
2021-03-08,Virgin Islands,2744,25,30,0
2021-03-09,Virgin Islands,2744,25,0,0
2021-03-10,Virgin Islands,2755,25,11,0
2021-03-11,Virgin Islands,2761,25,6,0
2021-03-12,Virgin Islands,2767,25,6,0
2021-03-13,Virgin Islands,2767,25,0,0
2021-03-14,Virgin Islands,2767,25,0,0
2021-03-15,Virgin Islands,2767,25,0,0
2021-03-16,Virgin Islands,2767,25,0,0
2021-03-17,Virgin Islands,2767,25,0,0
2021-03-18,Virgin Islands,2767,25,0,0
2021-03-19,Virgin Islands,2767,25,0,0
2021-03-20,Virgin Islands,2767,25,0,0
2021-03-21,Virgin Islands,2767,25,0,0
2021-03-22,Virgin Islands,2767,25,0,0
2021-03-23,Virgin Islands,2767,25,0,0
2021-03-24,Virgin Islands,2876,25,109,0
2021-03-25,Virgin Islands,2877,25,1,0
2021-03-26,Virgin Islands,2888,26,11,1
2021-03-27,Virgin Islands,2901,26,13,0
2021-03-28,Virgin Islands,2907,26,6,0
2021-03-29,Virgin Islands,2907,26,0,0
2021-03-30,Virgin Islands,2907,26,0,0
2021-03-31,Virgin Islands,2907,26,0,0
2021-04-01,Virgin Islands,2907,26,0,0
2021-04-02,Virgin Islands,2907,26,0,0
2021-04-03,Virgin Islands,2907,26,0,0
2021-04-04,Virgin Islands,2907,26,0,0
2021-04-05,Virgin Islands,2945,26,38,0
2021-04-06,Virgin Islands,2945,26,0,0
2021-04-07,Virgin Islands,2945,26,0,0
2021-04-08,Virgin Islands,2971,26,26,0
2021-04-09,Virgin Islands,2971,26,0,0
2021-04-10,Virgin Islands,2971,26,0,0
2021-04-11,Virgin Islands,2971,26,0,0
2021-04-12,Virgin Islands,2998,26,27,0
2021-04-13,Virgin Islands,3005,26,7,0
2021-04-14,Virgin Islands,3005,26,0,0
2021-04-15,Virgin Islands,3022,26,17,0
2021-04-16,Virgin Islands,3028,26,6,0
2021-04-17,Virgin Islands,3028,26,0,0
2021-04-18,Virgin Islands,3028,26,0,0
2021-04-19,Virgin Islands,3041,27,13,1
2021-04-20,Virgin Islands,3041,27,0,0
2021-04-21,Virgin Islands,3041,27,0,0
