date,state,total cases,total deaths,new cases,new deaths
2020-02-05,Wisconsin,1,0,1,0
2020-02-06,Wisconsin,1,0,0,0
2020-02-07,Wisconsin,1,0,0,0
2020-02-08,Wisconsin,1,0,0,0
2020-02-09,Wisconsin,1,0,0,0
2020-02-10,Wisconsin,1,0,0,0
2020-02-11,Wisconsin,1,0,0,0
2020-02-12,Wisconsin,1,0,0,0
2020-02-13,Wisconsin,1,0,0,0
2020-02-14,Wisconsin,1,0,0,0
2020-02-15,Wisconsin,1,0,0,0
2020-02-16,Wisconsin,1,0,0,0
2020-02-17,Wisconsin,1,0,0,0
2020-02-18,Wisconsin,1,0,0,0
2020-02-19,Wisconsin,1,0,0,0
2020-02-20,Wisconsin,1,0,0,0
2020-02-21,Wisconsin,1,0,0,0
2020-02-22,Wisconsin,1,0,0,0
2020-02-23,Wisconsin,1,0,0,0
2020-02-24,Wisconsin,1,0,0,0
2020-02-25,Wisconsin,1,0,0,0
2020-02-26,Wisconsin,1,0,0,0
2020-02-27,Wisconsin,1,0,0,0
2020-02-28,Wisconsin,1,0,0,0
2020-02-29,Wisconsin,1,0,0,0
2020-03-01,Wisconsin,1,0,0,0
2020-03-02,Wisconsin,1,0,0,0
2020-03-03,Wisconsin,1,0,0,0
2020-03-04,Wisconsin,1,0,0,0
2020-03-05,Wisconsin,1,0,0,0
2020-03-06,Wisconsin,1,0,0,0
2020-03-07,Wisconsin,1,0,0,0
2020-03-08,Wisconsin,1,0,0,0
2020-03-09,Wisconsin,2,0,1,0
2020-03-10,Wisconsin,3,0,1,0
2020-03-11,Wisconsin,6,0,3,0
2020-03-12,Wisconsin,8,0,2,0
2020-03-13,Wisconsin,19,0,11,0
2020-03-14,Wisconsin,27,0,8,0
2020-03-15,Wisconsin,33,0,6,0
2020-03-16,Wisconsin,47,0,14,0
2020-03-17,Wisconsin,72,0,25,0
2020-03-18,Wisconsin,106,0,34,0
2020-03-19,Wisconsin,155,2,49,2
2020-03-20,Wisconsin,216,3,61,1
2020-03-21,Wisconsin,281,4,65,1
2020-03-22,Wisconsin,382,4,101,0
2020-03-23,Wisconsin,418,5,36,1
2020-03-24,Wisconsin,481,5,63,0
2020-03-25,Wisconsin,623,7,142,2
2020-03-26,Wisconsin,754,10,131,3
2020-03-27,Wisconsin,930,16,176,6
2020-03-28,Wisconsin,1042,17,112,1
2020-03-29,Wisconsin,1120,17,78,0
2020-03-30,Wisconsin,1269,20,149,3
2020-03-31,Wisconsin,1351,25,82,5
2020-04-01,Wisconsin,1552,33,201,8
2020-04-02,Wisconsin,1730,37,178,4
2020-04-03,Wisconsin,1916,50,186,13
2020-04-04,Wisconsin,2112,60,196,10
2020-04-05,Wisconsin,2267,73,155,13
2020-04-06,Wisconsin,2440,83,173,10
2020-04-07,Wisconsin,2578,94,138,11
2020-04-08,Wisconsin,2756,107,178,13
2020-04-09,Wisconsin,2885,116,129,9
2020-04-10,Wisconsin,3068,131,183,15
2020-04-11,Wisconsin,3213,141,145,10
2020-04-12,Wisconsin,3341,145,128,4
2020-04-13,Wisconsin,3428,155,87,10
2020-04-14,Wisconsin,3555,172,127,17
2020-04-15,Wisconsin,3721,184,166,12
2020-04-16,Wisconsin,3875,197,154,13
2020-04-17,Wisconsin,4045,205,170,8
2020-04-18,Wisconsin,4199,212,154,7
2020-04-19,Wisconsin,4346,222,147,10
2020-04-20,Wisconsin,4564,231,218,9
2020-04-21,Wisconsin,4691,243,127,12
2020-04-22,Wisconsin,4915,247,224,4
2020-04-23,Wisconsin,5125,257,210,10
2020-04-24,Wisconsin,5431,262,306,5
2020-04-25,Wisconsin,5762,266,331,4
2020-04-26,Wisconsin,5986,274,224,8
2020-04-27,Wisconsin,6164,281,178,7
2020-04-28,Wisconsin,6389,300,225,19
2020-04-29,Wisconsin,6621,308,232,8
2020-04-30,Wisconsin,6973,316,352,8
2020-05-01,Wisconsin,7439,327,466,11
2020-05-02,Wisconsin,7785,334,346,7
2020-05-03,Wisconsin,8089,339,304,5
2020-05-04,Wisconsin,8362,340,273,1
2020-05-05,Wisconsin,8696,353,334,13
2020-05-06,Wisconsin,9052,362,356,9
2020-05-07,Wisconsin,9369,374,317,12
2020-05-08,Wisconsin,9750,384,381,10
2020-05-09,Wisconsin,10099,398,349,14
2020-05-10,Wisconsin,10379,400,280,2
2020-05-11,Wisconsin,10581,409,202,9
2020-05-12,Wisconsin,10781,418,200,9
2020-05-13,Wisconsin,11071,421,290,3
2020-05-14,Wisconsin,11449,434,378,13
2020-05-15,Wisconsin,12037,445,588,11
2020-05-16,Wisconsin,12551,453,514,8
2020-05-17,Wisconsin,12754,453,203,0
2020-05-18,Wisconsin,12912,459,158,6
2020-05-19,Wisconsin,13200,467,288,8
2020-05-20,Wisconsin,13779,481,579,14
2020-05-21,Wisconsin,14172,487,393,6
2020-05-22,Wisconsin,14768,496,596,9
2020-05-23,Wisconsin,15196,507,428,11
2020-05-24,Wisconsin,15573,510,377,3
2020-05-25,Wisconsin,15857,514,284,4
2020-05-26,Wisconsin,16141,517,284,3
2020-05-27,Wisconsin,16786,539,645,22
2020-05-28,Wisconsin,17476,550,690,11
2020-05-29,Wisconsin,18050,569,574,19
2020-05-30,Wisconsin,18515,588,465,19
2020-05-31,Wisconsin,18684,594,169,6
2020-06-01,Wisconsin,18825,597,141,3
2020-06-02,Wisconsin,19223,610,398,13
2020-06-03,Wisconsin,19896,618,673,8
2020-06-04,Wisconsin,20359,627,463,9
2020-06-05,Wisconsin,20723,634,364,7
2020-06-06,Wisconsin,20997,646,274,12
2020-06-07,Wisconsin,21246,648,249,2
2020-06-08,Wisconsin,21463,650,217,2
2020-06-09,Wisconsin,21738,662,275,12
2020-06-10,Wisconsin,24091,679,2353,17
2020-06-11,Wisconsin,24411,691,320,12
2020-06-12,Wisconsin,24733,698,322,7
2020-06-13,Wisconsin,25026,700,293,2
2020-06-14,Wisconsin,25307,702,281,2
2020-06-15,Wisconsin,25530,703,223,1
2020-06-16,Wisconsin,25829,710,299,7
2020-06-17,Wisconsin,26167,719,338,9
2020-06-18,Wisconsin,26611,725,444,6
2020-06-19,Wisconsin,26913,736,302,11
2020-06-20,Wisconsin,27314,751,401,15
2020-06-21,Wisconsin,27598,751,284,0
2020-06-22,Wisconsin,27849,751,251,0
2020-06-23,Wisconsin,28187,758,338,7
2020-06-24,Wisconsin,28652,769,465,11
2020-06-25,Wisconsin,29204,775,552,6
2020-06-26,Wisconsin,29718,775,514,0
2020-06-27,Wisconsin,30235,786,517,11
2020-06-28,Wisconsin,30716,786,481,0
2020-06-29,Wisconsin,31103,786,387,0
2020-06-30,Wisconsin,31723,793,620,7
2020-07-01,Wisconsin,32307,794,584,1
2020-07-02,Wisconsin,32876,801,569,7
2020-07-03,Wisconsin,33565,804,689,3
2020-07-04,Wisconsin,34243,804,678,0
2020-07-05,Wisconsin,34750,804,507,0
2020-07-06,Wisconsin,35318,805,568,1
2020-07-07,Wisconsin,35834,817,516,12
2020-07-08,Wisconsin,36526,818,692,1
2020-07-09,Wisconsin,37358,821,832,3
2020-07-10,Wisconsin,38414,825,1056,4
2020-07-11,Wisconsin,39095,829,681,4
2020-07-12,Wisconsin,39901,828,806,0
2020-07-13,Wisconsin,40603,828,702,0
2020-07-14,Wisconsin,41516,834,913,6
2020-07-15,Wisconsin,42409,835,893,1
2020-07-16,Wisconsin,43361,839,952,4
2020-07-17,Wisconsin,44243,842,882,3
2020-07-18,Wisconsin,45118,852,875,10
2020-07-19,Wisconsin,45953,853,835,1
2020-07-20,Wisconsin,46754,855,801,2
2020-07-21,Wisconsin,47893,868,1139,13
2020-07-22,Wisconsin,48777,874,884,6
2020-07-23,Wisconsin,49751,887,974,13
2020-07-24,Wisconsin,50895,887,1144,0
2020-07-25,Wisconsin,51735,900,840,13
2020-07-26,Wisconsin,52685,901,950,1
2020-07-27,Wisconsin,53323,905,638,4
2020-07-28,Wisconsin,54114,916,791,11
2020-07-29,Wisconsin,55119,920,1005,4
2020-07-30,Wisconsin,56111,928,992,8
2020-07-31,Wisconsin,57020,943,909,15
2020-08-01,Wisconsin,58064,955,1044,12
2020-08-02,Wisconsin,58990,956,926,1
2020-08-03,Wisconsin,59471,960,481,4
2020-08-04,Wisconsin,60263,970,792,10
2020-08-05,Wisconsin,61247,979,984,9
2020-08-06,Wisconsin,62139,988,892,9
2020-08-07,Wisconsin,63256,1001,1117,13
2020-08-08,Wisconsin,64231,1007,975,6
2020-08-09,Wisconsin,64835,1009,604,2
2020-08-10,Wisconsin,65427,1009,592,0
2020-08-11,Wisconsin,66146,1017,719,8
2020-08-12,Wisconsin,66705,1022,559,5
2020-08-13,Wisconsin,67781,1029,1076,7
2020-08-14,Wisconsin,68761,1035,980,6
2020-08-15,Wisconsin,69560,1047,799,12
2020-08-16,Wisconsin,70246,1048,686,1
2020-08-17,Wisconsin,70796,1050,550,2
2020-08-18,Wisconsin,71517,1063,721,13
2020-08-19,Wisconsin,72204,1071,687,8
2020-08-20,Wisconsin,73067,1077,863,6
2020-08-21,Wisconsin,73895,1079,828,2
2020-08-22,Wisconsin,74740,1092,845,13
2020-08-23,Wisconsin,75205,1092,465,0
2020-08-24,Wisconsin,75755,1093,550,1
2020-08-25,Wisconsin,76453,1106,698,13
2020-08-26,Wisconsin,77220,1112,767,6
2020-08-27,Wisconsin,78136,1121,916,9
2020-08-28,Wisconsin,78984,1123,848,2
2020-08-29,Wisconsin,79767,1129,783,6
2020-08-30,Wisconsin,80311,1132,544,3
2020-08-31,Wisconsin,80733,1132,422,0
2020-09-01,Wisconsin,81688,1141,955,9
2020-09-02,Wisconsin,82261,1151,573,10
2020-09-03,Wisconsin,83119,1155,858,4
2020-09-04,Wisconsin,84519,1164,1400,9
2020-09-05,Wisconsin,85517,1177,998,13
2020-09-06,Wisconsin,86406,1177,889,0
2020-09-07,Wisconsin,86981,1177,575,0
2020-09-08,Wisconsin,87730,1179,749,2
2020-09-09,Wisconsin,88643,1193,913,14
2020-09-10,Wisconsin,90232,1202,1589,9
2020-09-11,Wisconsin,91672,1206,1440,4
2020-09-12,Wisconsin,93102,1218,1430,12
2020-09-13,Wisconsin,94723,1219,1621,1
2020-09-14,Wisconsin,95564,1219,841,0
2020-09-15,Wisconsin,97002,1230,1438,11
2020-09-16,Wisconsin,98501,1238,1499,8
2020-09-17,Wisconsin,100619,1240,2118,2
2020-09-18,Wisconsin,103211,1247,2592,7
2020-09-19,Wisconsin,105609,1249,2398,2
2020-09-20,Wisconsin,107343,1250,1734,1
2020-09-21,Wisconsin,108656,1253,1313,3
2020-09-22,Wisconsin,110393,1259,1737,6
2020-09-23,Wisconsin,112276,1269,1883,10
2020-09-24,Wisconsin,114743,1275,2467,6
2020-09-25,Wisconsin,117355,1285,2612,10
2020-09-26,Wisconsin,120249,1291,2894,6
2020-09-27,Wisconsin,122498,1291,2249,0
2020-09-28,Wisconsin,124320,1293,1822,2
2020-09-29,Wisconsin,126744,1312,2424,19
2020-09-30,Wisconsin,129172,1338,2428,26
2020-10-01,Wisconsin,132176,1358,3004,20
2020-10-02,Wisconsin,134996,1364,2820,6
2020-10-03,Wisconsin,138018,1383,3022,19
2020-10-04,Wisconsin,139941,1388,1923,5
2020-10-05,Wisconsin,141780,1393,1839,5
2020-10-06,Wisconsin,143886,1410,2106,17
2020-10-07,Wisconsin,146376,1427,2490,17
2020-10-08,Wisconsin,149613,1436,3237,9
2020-10-09,Wisconsin,152831,1453,3218,17
2020-10-10,Wisconsin,155752,1470,2921,17
2020-10-11,Wisconsin,158426,1477,2674,7
2020-10-12,Wisconsin,160655,1488,2229,11
2020-10-13,Wisconsin,164137,1521,3482,33
2020-10-14,Wisconsin,167441,1549,3304,28
2020-10-15,Wisconsin,171480,1568,4039,19
2020-10-16,Wisconsin,175652,1588,4172,20
2020-10-17,Wisconsin,175652,1588,0,0
2020-10-18,Wisconsin,175652,1588,0,0
2020-10-19,Wisconsin,183177,1624,7525,36
2020-10-20,Wisconsin,187898,1660,4721,36
2020-10-21,Wisconsin,192225,1707,4327,47
2020-10-22,Wisconsin,195853,1730,3628,23
2020-10-23,Wisconsin,200479,1776,4626,46
2020-10-24,Wisconsin,205139,1804,4660,28
2020-10-25,Wisconsin,208917,1814,3778,10
2020-10-26,Wisconsin,212116,1825,3199,11
2020-10-27,Wisconsin,217447,1896,5331,71
2020-10-28,Wisconsin,221578,1953,4131,57
2020-10-29,Wisconsin,226712,2008,5134,55
2020-10-30,Wisconsin,232092,2034,5380,26
2020-10-31,Wisconsin,237870,2092,5778,58
2020-11-01,Wisconsin,241423,2110,3553,18
2020-11-02,Wisconsin,244974,2117,3551,7
2020-11-03,Wisconsin,251227,2179,6253,62
2020-11-04,Wisconsin,257365,2237,6138,58
2020-11-05,Wisconsin,263640,2273,6275,36
2020-11-06,Wisconsin,270074,2340,6434,67
2020-11-07,Wisconsin,277568,2385,7494,45
2020-11-08,Wisconsin,281910,2396,4342,11
2020-11-09,Wisconsin,286446,2421,4536,25
2020-11-10,Wisconsin,293862,2497,7416,76
2020-11-11,Wisconsin,301349,2562,7487,65
2020-11-12,Wisconsin,309605,2626,8256,64
2020-11-13,Wisconsin,318023,2694,8418,68
2020-11-14,Wisconsin,323604,2748,5581,54
2020-11-15,Wisconsin,329924,2759,6320,11
2020-11-16,Wisconsin,334640,2775,4716,16
2020-11-17,Wisconsin,342155,2876,7515,101
2020-11-18,Wisconsin,350665,2939,8510,63
2020-11-19,Wisconsin,358113,3021,7448,82
2020-11-20,Wisconsin,365190,3106,7077,85
2020-11-21,Wisconsin,372219,3155,7029,49
2020-11-22,Wisconsin,376238,3162,4019,7
2020-11-23,Wisconsin,379693,3175,3455,13
2020-11-24,Wisconsin,386441,3295,6748,120
2020-11-25,Wisconsin,392443,3363,6002,68
2020-11-26,Wisconsin,398104,3431,5661,68
2020-11-27,Wisconsin,399557,3444,1453,13
2020-11-28,Wisconsin,404999,3474,5442,30
2020-11-29,Wisconsin,409054,3496,4055,22
2020-11-30,Wisconsin,411730,3504,2676,8
2020-12-01,Wisconsin,416365,3628,4635,124
2020-12-02,Wisconsin,420930,3715,4565,87
2020-12-03,Wisconsin,426534,3781,5604,66
2020-12-04,Wisconsin,432217,3847,5683,66
2020-12-05,Wisconsin,437918,3938,5701,91
2020-12-06,Wisconsin,441067,3956,3149,18
2020-12-07,Wisconsin,443415,3979,2348,23
2020-12-08,Wisconsin,448009,4059,4594,80
2020-12-09,Wisconsin,452180,4149,4171,90
2020-12-10,Wisconsin,456889,4216,4709,67
2020-12-11,Wisconsin,461367,4272,4478,56
2020-12-12,Wisconsin,465991,4329,4624,57
2020-12-13,Wisconsin,468956,4344,2965,15
2020-12-14,Wisconsin,471285,4359,2329,15
2020-12-15,Wisconsin,475340,4412,4055,53
2020-12-16,Wisconsin,478162,4499,2822,87
2020-12-17,Wisconsin,482443,4566,4281,67
2020-12-18,Wisconsin,486364,4635,3921,69
2020-12-19,Wisconsin,490679,4724,4315,89
2020-12-20,Wisconsin,492724,4745,2045,21
2020-12-21,Wisconsin,494353,4754,1629,9
2020-12-22,Wisconsin,497380,4882,3027,128
2020-12-23,Wisconsin,500443,4956,3063,74
2020-12-24,Wisconsin,503706,5022,3263,66
2020-12-25,Wisconsin,505345,5028,1639,6
2020-12-26,Wisconsin,506022,5032,677,4
2020-12-27,Wisconsin,508580,5042,2558,10
2020-12-28,Wisconsin,510137,5065,1557,23
2020-12-29,Wisconsin,513056,5157,2919,92
2020-12-30,Wisconsin,516226,5195,3170,38
2020-12-31,Wisconsin,520438,5245,4212,50
2021-01-01,Wisconsin,522523,5257,2085,12
2021-01-02,Wisconsin,523652,5259,1129,2
2021-01-03,Wisconsin,526245,5264,2593,5
2021-01-04,Wisconsin,527871,5273,1626,9
2021-01-05,Wisconsin,531890,5370,4019,97
2021-01-06,Wisconsin,535999,5442,4109,72
2021-01-07,Wisconsin,540508,5485,4509,43
2021-01-08,Wisconsin,544618,5530,4110,45
2021-01-09,Wisconsin,548134,5568,3516,38
2021-01-10,Wisconsin,550260,5571,2126,3
2021-01-11,Wisconsin,551942,5576,1682,5
2021-01-12,Wisconsin,555249,5635,3307,59
2021-01-13,Wisconsin,558020,5679,2771,44
2021-01-14,Wisconsin,561160,5729,3140,50
2021-01-15,Wisconsin,563866,5771,2706,42
2021-01-16,Wisconsin,566275,5906,2409,135
2021-01-17,Wisconsin,568166,5907,1891,1
2021-01-18,Wisconsin,569335,5930,1169,23
2021-01-19,Wisconsin,571268,5974,1933,44
2021-01-20,Wisconsin,573119,6036,1851,62
2021-01-21,Wisconsin,575688,6091,2569,55
2021-01-22,Wisconsin,577991,6140,2303,49
2021-01-23,Wisconsin,580003,6187,2012,47
2021-01-24,Wisconsin,581377,6193,1374,6
2021-01-25,Wisconsin,582477,6203,1100,10
2021-01-26,Wisconsin,584041,6268,1564,65
2021-01-27,Wisconsin,585600,6306,1559,38
2021-01-28,Wisconsin,587580,6339,1980,33
2021-01-29,Wisconsin,589384,6393,1804,54
2021-01-30,Wisconsin,590997,6433,1613,40
2021-01-31,Wisconsin,592140,6437,1143,4
2021-02-01,Wisconsin,592921,6439,781,2
2021-02-02,Wisconsin,594217,6485,1296,46
2021-02-03,Wisconsin,595756,6500,1539,15
2021-02-04,Wisconsin,597475,6549,1719,49
2021-02-05,Wisconsin,598902,6579,1427,30
2021-02-06,Wisconsin,600016,6615,1114,36
2021-02-07,Wisconsin,600782,6617,766,2
2021-02-08,Wisconsin,601391,6619,609,2
2021-02-09,Wisconsin,602256,6669,865,50
2021-02-10,Wisconsin,603257,6708,1001,39
2021-02-11,Wisconsin,604683,6725,1426,17
2021-02-12,Wisconsin,605785,6737,1102,12
2021-02-13,Wisconsin,606651,6747,866,10
2021-02-14,Wisconsin,607213,6748,562,1
2021-02-15,Wisconsin,607639,6753,426,5
2021-02-16,Wisconsin,608420,6792,781,39
2021-02-17,Wisconsin,609192,6803,772,11
2021-02-18,Wisconsin,610056,6820,864,17
2021-02-19,Wisconsin,610974,6856,918,36
2021-02-20,Wisconsin,611789,6875,815,19
2021-02-21,Wisconsin,612240,6875,451,0
2021-02-22,Wisconsin,612713,6876,473,1
2021-02-23,Wisconsin,613427,6914,714,38
2021-02-24,Wisconsin,614271,6940,844,26
2021-02-25,Wisconsin,615233,6998,962,58
2021-02-26,Wisconsin,616029,7004,796,6
2021-02-27,Wisconsin,616899,7019,870,15
2021-02-28,Wisconsin,617380,7019,481,0
2021-03-01,Wisconsin,617700,7019,320,0
2021-03-02,Wisconsin,618310,7055,610,36
2021-03-03,Wisconsin,619089,7074,779,19
2021-03-04,Wisconsin,619942,7087,853,13
2021-03-05,Wisconsin,620663,7099,721,12
2021-03-06,Wisconsin,621277,7107,614,8
2021-03-07,Wisconsin,621654,7111,377,4
2021-03-08,Wisconsin,621842,7111,188,0
2021-03-09,Wisconsin,622444,7138,602,27
2021-03-10,Wisconsin,623150,7151,706,13
2021-03-11,Wisconsin,623801,7162,651,11
2021-03-12,Wisconsin,624508,7167,707,5
2021-03-13,Wisconsin,625045,7180,537,13
2021-03-14,Wisconsin,625556,7178,511,0
2021-03-15,Wisconsin,625888,7179,332,1
2021-03-16,Wisconsin,626537,7184,649,5
2021-03-17,Wisconsin,627266,7203,729,19
2021-03-18,Wisconsin,627949,7211,683,8
2021-03-19,Wisconsin,628634,7225,685,14
2021-03-20,Wisconsin,629167,7241,533,16
2021-03-21,Wisconsin,629606,7241,439,0
2021-03-22,Wisconsin,629994,7241,388,0
2021-03-23,Wisconsin,630040,7241,46,0
2021-03-24,Wisconsin,631508,7264,1468,23
2021-03-25,Wisconsin,632331,7268,823,4
2021-03-26,Wisconsin,633154,7272,823,4
2021-03-27,Wisconsin,633846,7275,692,3
2021-03-28,Wisconsin,634317,7275,471,0
2021-03-29,Wisconsin,634662,7278,345,3
2021-03-30,Wisconsin,635523,7293,861,15
2021-03-31,Wisconsin,636250,7316,727,23
2021-04-01,Wisconsin,637117,7327,867,11
2021-04-02,Wisconsin,637988,7338,871,11
2021-04-03,Wisconsin,638777,7342,789,4
2021-04-04,Wisconsin,639414,7341,637,0
2021-04-05,Wisconsin,639765,7342,351,1
2021-04-06,Wisconsin,640913,7350,1148,8
2021-04-07,Wisconsin,641851,7357,938,7
2021-04-08,Wisconsin,642966,7371,1115,14
2021-04-09,Wisconsin,644160,7376,1194,5
2021-04-10,Wisconsin,645081,7380,921,4
2021-04-11,Wisconsin,645693,7381,612,1
2021-04-12,Wisconsin,646176,7384,483,3
2021-04-13,Wisconsin,647301,7394,1125,10
2021-04-14,Wisconsin,648304,7402,1003,8
2021-04-15,Wisconsin,649388,7406,1084,4
2021-04-16,Wisconsin,650291,7412,903,6
2021-04-17,Wisconsin,651136,7422,845,10
2021-04-18,Wisconsin,651739,7420,603,0
2021-04-19,Wisconsin,652158,7421,419,1
2021-04-20,Wisconsin,653091,7427,933,6
2021-04-21,Wisconsin,653853,7430,762,3
2021-04-22,Wisconsin,654681,7438,828,8
2021-04-23,Wisconsin,655560,7452,879,14
2021-04-24,Wisconsin,656203,7474,643,22
2021-04-25,Wisconsin,656668,7473,465,0
2021-04-26,Wisconsin,657144,7473,476,0
2021-04-27,Wisconsin,658084,7494,940,21
2021-04-28,Wisconsin,658908,7534,824,40
2021-04-29,Wisconsin,659812,7542,904,8
2021-04-30,Wisconsin,660662,7550,850,8
2021-05-01,Wisconsin,661414,7569,752,19
2021-05-02,Wisconsin,661890,7567,476,0
2021-05-03,Wisconsin,662281,7567,391,0
2021-05-04,Wisconsin,663105,7582,824,15
2021-05-05,Wisconsin,663880,7596,775,14
2021-05-06,Wisconsin,664673,7614,793,18
2021-05-07,Wisconsin,665422,7625,749,11
2021-05-08,Wisconsin,666042,7652,620,27
2021-05-09,Wisconsin,666381,7652,339,0
2021-05-10,Wisconsin,666613,7652,232,0
2021-05-11,Wisconsin,667187,7666,574,14
2021-05-12,Wisconsin,667850,7687,663,21
2021-05-13,Wisconsin,668421,7706,571,19
2021-05-14,Wisconsin,669018,7707,597,1
2021-05-15,Wisconsin,669636,7712,618,5
2021-05-16,Wisconsin,669636,7712,0,0
2021-05-17,Wisconsin,670017,7712,381,0
2021-05-18,Wisconsin,670575,7726,558,14
2021-05-19,Wisconsin,671089,7732,514,6
2021-05-20,Wisconsin,671658,7734,569,2
2021-05-21,Wisconsin,672122,7745,464,11
2021-05-22,Wisconsin,672476,7748,354,3
2021-05-23,Wisconsin,672632,7748,156,0
2021-05-24,Wisconsin,672801,7749,169,1
2021-05-25,Wisconsin,673236,7760,435,11
2021-05-26,Wisconsin,673601,7765,365,5
2021-05-27,Wisconsin,673951,7814,350,49
2021-05-28,Wisconsin,674216,7830,265,16
