date,state,total cases,total deaths,new cases,new deaths
2020-03-11,Wyoming,1,0,1,0
2020-03-12,Wyoming,1,0,0,0
2020-03-13,Wyoming,2,0,1,0
2020-03-14,Wyoming,3,0,1,0
2020-03-15,Wyoming,3,0,0,0
2020-03-16,Wyoming,10,0,7,0
2020-03-17,Wyoming,15,0,5,0
2020-03-18,Wyoming,17,0,2,0
2020-03-19,Wyoming,18,0,1,0
2020-03-20,Wyoming,22,0,4,0
2020-03-21,Wyoming,24,0,2,0
2020-03-22,Wyoming,26,0,2,0
2020-03-23,Wyoming,28,0,2,0
2020-03-24,Wyoming,37,0,9,0
2020-03-25,Wyoming,49,0,12,0
2020-03-26,Wyoming,56,0,7,0
2020-03-27,Wyoming,74,0,18,0
2020-03-28,Wyoming,85,0,11,0
2020-03-29,Wyoming,88,0,3,0
2020-03-30,Wyoming,96,0,8,0
2020-03-31,Wyoming,121,0,25,0
2020-04-01,Wyoming,138,0,17,0
2020-04-02,Wyoming,154,0,16,0
2020-04-03,Wyoming,167,0,13,0
2020-04-04,Wyoming,189,0,22,0
2020-04-05,Wyoming,200,0,11,0
2020-04-06,Wyoming,213,0,13,0
2020-04-07,Wyoming,221,0,8,0
2020-04-08,Wyoming,230,0,9,0
2020-04-09,Wyoming,303,0,73,0
2020-04-10,Wyoming,320,0,17,0
2020-04-11,Wyoming,343,0,23,0
2020-04-12,Wyoming,364,0,21,0
2020-04-13,Wyoming,373,1,9,1
2020-04-14,Wyoming,373,1,0,0
2020-04-15,Wyoming,392,2,19,1
2020-04-16,Wyoming,393,2,1,0
2020-04-17,Wyoming,401,2,8,0
2020-04-18,Wyoming,412,2,11,0
2020-04-19,Wyoming,422,2,10,0
2020-04-20,Wyoming,426,2,4,0
2020-04-21,Wyoming,442,6,16,4
2020-04-22,Wyoming,447,6,5,0
2020-04-23,Wyoming,453,7,6,1
2020-04-24,Wyoming,473,7,20,0
2020-04-25,Wyoming,477,7,4,0
2020-04-26,Wyoming,502,7,25,0
2020-04-27,Wyoming,520,7,18,0
2020-04-28,Wyoming,536,7,16,0
2020-04-29,Wyoming,544,7,8,0
2020-04-30,Wyoming,559,7,15,0
2020-05-01,Wyoming,566,7,7,0
2020-05-02,Wyoming,579,7,13,0
2020-05-03,Wyoming,586,7,7,0
2020-05-04,Wyoming,596,7,10,0
2020-05-05,Wyoming,604,7,8,0
2020-05-06,Wyoming,631,7,27,0
2020-05-07,Wyoming,635,7,4,0
2020-05-08,Wyoming,644,7,9,0
2020-05-09,Wyoming,653,7,9,0
2020-05-10,Wyoming,662,7,9,0
2020-05-11,Wyoming,669,7,7,0
2020-05-12,Wyoming,675,7,6,0
2020-05-13,Wyoming,688,7,13,0
2020-05-14,Wyoming,701,7,13,0
2020-05-15,Wyoming,716,7,15,0
2020-05-16,Wyoming,741,7,25,0
2020-05-17,Wyoming,754,8,13,1
2020-05-18,Wyoming,766,10,12,2
2020-05-19,Wyoming,776,10,10,0
2020-05-20,Wyoming,787,11,11,1
2020-05-21,Wyoming,801,12,14,1
2020-05-22,Wyoming,803,12,2,0
2020-05-23,Wyoming,813,12,10,0
2020-05-24,Wyoming,813,12,0,0
2020-05-25,Wyoming,843,12,30,0
2020-05-26,Wyoming,850,13,7,1
2020-05-27,Wyoming,860,14,10,1
2020-05-28,Wyoming,876,15,16,1
2020-05-29,Wyoming,891,15,15,0
2020-05-30,Wyoming,898,16,7,1
2020-05-31,Wyoming,903,16,5,0
2020-06-01,Wyoming,910,17,7,1
2020-06-02,Wyoming,912,17,2,0
2020-06-03,Wyoming,915,17,3,0
2020-06-04,Wyoming,921,17,6,0
2020-06-05,Wyoming,933,17,12,0
2020-06-06,Wyoming,939,17,6,0
2020-06-07,Wyoming,947,17,8,0
2020-06-08,Wyoming,960,17,13,0
2020-06-09,Wyoming,970,17,10,0
2020-06-10,Wyoming,980,18,10,1
2020-06-11,Wyoming,1009,18,29,0
2020-06-12,Wyoming,1027,18,18,0
2020-06-13,Wyoming,1050,18,23,0
2020-06-14,Wyoming,1060,18,10,0
2020-06-15,Wyoming,1079,18,19,0
2020-06-16,Wyoming,1089,18,10,0
2020-06-17,Wyoming,1114,18,25,0
2020-06-18,Wyoming,1144,18,30,0
2020-06-19,Wyoming,1173,20,29,2
2020-06-20,Wyoming,1179,20,6,0
2020-06-21,Wyoming,1197,20,18,0
2020-06-22,Wyoming,1230,20,33,0
2020-06-23,Wyoming,1254,20,24,0
2020-06-24,Wyoming,1282,20,28,0
2020-06-25,Wyoming,1326,20,44,0
2020-06-26,Wyoming,1368,20,42,0
2020-06-27,Wyoming,1392,20,24,0
2020-06-28,Wyoming,1417,20,25,0
2020-06-29,Wyoming,1450,20,33,0
2020-06-30,Wyoming,1487,20,37,0
2020-07-01,Wyoming,1514,20,27,0
2020-07-02,Wyoming,1550,20,36,0
2020-07-03,Wyoming,1582,20,32,0
2020-07-04,Wyoming,1606,20,24,0
2020-07-05,Wyoming,1634,20,28,0
2020-07-06,Wyoming,1675,20,41,0
2020-07-07,Wyoming,1711,21,36,1
2020-07-08,Wyoming,1740,21,29,0
2020-07-09,Wyoming,1774,21,34,0
2020-07-10,Wyoming,1790,21,16,0
2020-07-11,Wyoming,1839,21,49,0
2020-07-12,Wyoming,1862,21,23,0
2020-07-13,Wyoming,1903,21,41,0
2020-07-14,Wyoming,1951,22,48,1
2020-07-15,Wyoming,1985,22,34,0
2020-07-16,Wyoming,2026,24,41,2
2020-07-17,Wyoming,2069,24,43,0
2020-07-18,Wyoming,2108,24,39,0
2020-07-19,Wyoming,2126,24,18,0
2020-07-20,Wyoming,2187,24,61,0
2020-07-21,Wyoming,2238,25,51,1
2020-07-22,Wyoming,2288,25,50,0
2020-07-23,Wyoming,2347,25,59,0
2020-07-24,Wyoming,2405,25,58,0
2020-07-25,Wyoming,2446,25,41,0
2020-07-26,Wyoming,2475,25,29,0
2020-07-27,Wyoming,2520,25,45,0
2020-07-28,Wyoming,2589,26,69,1
2020-07-29,Wyoming,2628,26,39,0
2020-07-30,Wyoming,2686,26,58,0
2020-07-31,Wyoming,2726,26,40,0
2020-08-01,Wyoming,2769,26,43,0
2020-08-02,Wyoming,2808,26,39,0
2020-08-03,Wyoming,2848,27,40,1
2020-08-04,Wyoming,2884,27,36,0
2020-08-05,Wyoming,2923,27,39,0
2020-08-06,Wyoming,2958,27,35,0
2020-08-07,Wyoming,3000,28,42,1
2020-08-08,Wyoming,3013,28,13,0
2020-08-09,Wyoming,3050,28,37,0
2020-08-10,Wyoming,3042,28,0,0
2020-08-11,Wyoming,3073,29,31,1
2020-08-12,Wyoming,3086,29,13,0
2020-08-13,Wyoming,3119,29,33,0
2020-08-14,Wyoming,3183,30,64,1
2020-08-15,Wyoming,3227,30,44,0
2020-08-16,Wyoming,3286,30,59,0
2020-08-17,Wyoming,3331,33,45,3
2020-08-18,Wyoming,3360,34,29,1
2020-08-19,Wyoming,3430,34,70,0
2020-08-20,Wyoming,3468,34,38,0
2020-08-21,Wyoming,3524,37,56,3
2020-08-22,Wyoming,3543,37,19,0
2020-08-23,Wyoming,3579,37,36,0
2020-08-24,Wyoming,3603,37,24,0
2020-08-25,Wyoming,3634,37,31,0
2020-08-26,Wyoming,3684,37,50,0
2020-08-27,Wyoming,3722,37,38,0
2020-08-28,Wyoming,3763,37,41,0
2020-08-29,Wyoming,3784,37,21,0
2020-08-30,Wyoming,3820,37,36,0
2020-08-31,Wyoming,3842,37,22,0
2020-09-01,Wyoming,3866,41,24,4
2020-09-02,Wyoming,3911,41,45,0
2020-09-03,Wyoming,3939,41,28,0
2020-09-04,Wyoming,3989,42,50,1
2020-09-05,Wyoming,4006,42,17,0
2020-09-06,Wyoming,4032,42,26,0
2020-09-07,Wyoming,4032,42,0,0
2020-09-08,Wyoming,4103,42,71,0
2020-09-09,Wyoming,4151,42,48,0
2020-09-10,Wyoming,4199,42,48,0
2020-09-11,Wyoming,4264,42,65,0
2020-09-12,Wyoming,4297,42,33,0
2020-09-13,Wyoming,4346,42,49,0
2020-09-14,Wyoming,4392,46,46,4
2020-09-15,Wyoming,4438,46,46,0
2020-09-16,Wyoming,4566,46,128,0
2020-09-17,Wyoming,4652,49,86,3
2020-09-18,Wyoming,4747,49,95,0
2020-09-19,Wyoming,4780,49,33,0
2020-09-20,Wyoming,4871,49,91,0
2020-09-21,Wyoming,4944,49,73,0
2020-09-22,Wyoming,5016,49,72,0
2020-09-23,Wyoming,5169,50,153,1
2020-09-24,Wyoming,5305,50,136,0
2020-09-25,Wyoming,5420,50,115,0
2020-09-26,Wyoming,5465,50,45,0
2020-09-27,Wyoming,5633,50,168,0
2020-09-28,Wyoming,5754,50,121,0
2020-09-29,Wyoming,5821,50,67,0
2020-09-30,Wyoming,5948,50,127,0
2020-10-01,Wyoming,6083,53,135,3
2020-10-02,Wyoming,6214,53,131,0
2020-10-03,Wyoming,6365,53,151,0
2020-10-04,Wyoming,6504,53,139,0
2020-10-05,Wyoming,6629,53,125,0
2020-10-06,Wyoming,6770,53,141,0
2020-10-07,Wyoming,6899,53,129,0
2020-10-08,Wyoming,7092,54,193,1
2020-10-09,Wyoming,7335,54,243,0
2020-10-10,Wyoming,7455,54,120,0
2020-10-11,Wyoming,7611,54,156,0
2020-10-12,Wyoming,7802,54,191,0
2020-10-13,Wyoming,7964,57,162,3
2020-10-14,Wyoming,8177,57,213,0
2020-10-15,Wyoming,8375,57,198,0
2020-10-16,Wyoming,8665,57,290,0
2020-10-17,Wyoming,8816,57,151,0
2020-10-18,Wyoming,9025,57,209,0
2020-10-19,Wyoming,9311,57,286,0
2020-10-20,Wyoming,9526,61,215,4
2020-10-21,Wyoming,9848,61,322,0
2020-10-22,Wyoming,10119,68,271,7
2020-10-23,Wyoming,10545,68,426,0
2020-10-24,Wyoming,10805,68,260,0
2020-10-25,Wyoming,11041,68,236,0
2020-10-26,Wyoming,11477,77,436,9
2020-10-27,Wyoming,11806,77,329,0
2020-10-28,Wyoming,12146,77,340,0
2020-10-29,Wyoming,12507,87,361,10
2020-10-30,Wyoming,13028,87,521,0
2020-10-31,Wyoming,13298,87,270,0
2020-11-01,Wyoming,13723,87,425,0
2020-11-02,Wyoming,14167,87,444,0
2020-11-03,Wyoming,14619,93,452,6
2020-11-04,Wyoming,15044,105,425,12
2020-11-05,Wyoming,15409,105,365,0
2020-11-06,Wyoming,16405,105,996,0
2020-11-07,Wyoming,16597,105,192,0
2020-11-08,Wyoming,17310,114,713,9
2020-11-09,Wyoming,18010,114,700,0
2020-11-10,Wyoming,19242,127,1232,13
2020-11-11,Wyoming,19374,127,132,0
2020-11-12,Wyoming,20479,127,1105,0
2020-11-13,Wyoming,21341,127,862,0
2020-11-14,Wyoming,21881,144,540,17
2020-11-15,Wyoming,22494,144,613,0
2020-11-16,Wyoming,23193,144,699,0
2020-11-17,Wyoming,24453,155,1260,11
2020-11-18,Wyoming,25275,155,822,0
2020-11-19,Wyoming,26169,176,894,21
2020-11-20,Wyoming,27129,176,960,0
2020-11-21,Wyoming,27410,176,281,0
2020-11-22,Wyoming,28169,176,759,0
2020-11-23,Wyoming,29431,202,1262,26
2020-11-24,Wyoming,29959,202,528,0
2020-11-25,Wyoming,30761,215,802,13
2020-11-26,Wyoming,30761,215,0,0
2020-11-27,Wyoming,31773,215,1012,0
2020-11-28,Wyoming,31929,215,156,0
2020-11-29,Wyoming,32489,215,560,0
2020-11-30,Wyoming,33305,215,816,0
2020-12-01,Wyoming,33805,230,500,15
2020-12-02,Wyoming,34507,230,702,0
2020-12-03,Wyoming,35078,257,571,27
2020-12-04,Wyoming,35737,257,659,0
2020-12-05,Wyoming,35941,257,204,0
2020-12-06,Wyoming,36317,257,376,0
2020-12-07,Wyoming,36985,280,668,23
2020-12-08,Wyoming,37475,280,490,0
2020-12-09,Wyoming,37885,299,410,19
2020-12-10,Wyoming,38223,299,338,0
2020-12-11,Wyoming,38785,321,562,22
2020-12-12,Wyoming,38907,321,122,0
2020-12-13,Wyoming,39360,321,453,0
2020-12-14,Wyoming,39775,321,415,0
2020-12-15,Wyoming,40064,328,289,7
2020-12-16,Wyoming,40310,328,246,0
2020-12-17,Wyoming,40593,351,283,23
2020-12-18,Wyoming,41359,351,766,0
2020-12-19,Wyoming,41488,351,129,0
2020-12-20,Wyoming,41662,351,174,0
2020-12-21,Wyoming,42118,351,456,0
2020-12-22,Wyoming,42379,373,261,22
2020-12-23,Wyoming,42664,373,285,0
2020-12-24,Wyoming,42664,373,0,0
2020-12-25,Wyoming,42664,373,0,0
2020-12-26,Wyoming,43146,373,482,0
2020-12-27,Wyoming,43200,373,54,0
2020-12-28,Wyoming,43704,405,504,32
2020-12-29,Wyoming,43923,405,219,0
2020-12-30,Wyoming,44133,405,210,0
2020-12-31,Wyoming,44409,438,276,33
2021-01-01,Wyoming,44409,438,0,0
2021-01-02,Wyoming,44573,438,164,0
2021-01-03,Wyoming,44875,438,302,0
2021-01-04,Wyoming,45247,438,372,0
2021-01-05,Wyoming,45569,464,322,26
2021-01-06,Wyoming,45890,464,321,0
2021-01-07,Wyoming,46168,489,278,25
2021-01-08,Wyoming,46647,489,479,0
2021-01-09,Wyoming,46719,489,72,0
2021-01-10,Wyoming,46832,489,113,0
2021-01-11,Wyoming,47395,489,563,0
2021-01-12,Wyoming,48072,522,677,33
2021-01-13,Wyoming,48289,522,217,0
2021-01-14,Wyoming,48701,522,412,0
2021-01-15,Wyoming,48909,522,208,0
2021-01-16,Wyoming,49068,522,159,0
2021-01-17,Wyoming,49363,522,295,0
2021-01-18,Wyoming,49708,522,345,0
2021-01-19,Wyoming,49922,550,214,28
2021-01-20,Wyoming,50124,550,202,0
2021-01-21,Wyoming,50424,550,300,0
2021-01-22,Wyoming,50583,571,159,21
2021-01-23,Wyoming,50583,571,0,0
2021-01-24,Wyoming,50898,571,315,0
2021-01-25,Wyoming,51062,571,164,0
2021-01-26,Wyoming,51152,596,90,25
2021-01-27,Wyoming,51368,596,216,0
2021-01-28,Wyoming,51430,596,62,0
2021-01-29,Wyoming,51690,596,260,0
2021-01-30,Wyoming,51704,596,14,0
2021-01-31,Wyoming,51912,596,208,0
2021-02-01,Wyoming,52057,596,145,0
2021-02-02,Wyoming,52128,624,71,28
2021-02-03,Wyoming,52288,624,160,0
2021-02-04,Wyoming,52468,624,180,0
2021-02-05,Wyoming,52576,624,108,0
2021-02-06,Wyoming,52618,624,42,0
2021-02-07,Wyoming,52627,624,9,0
2021-02-08,Wyoming,52784,624,157,0
2021-02-09,Wyoming,52830,647,46,23
2021-02-10,Wyoming,52874,647,44,0
2021-02-11,Wyoming,52979,647,105,0
2021-02-12,Wyoming,53086,647,107,0
2021-02-13,Wyoming,53086,647,0,0
2021-02-14,Wyoming,53136,647,50,0
2021-02-15,Wyoming,53136,647,0,0
2021-02-16,Wyoming,53351,662,215,15
2021-02-17,Wyoming,53450,662,99,0
2021-02-18,Wyoming,53531,662,81,0
2021-02-19,Wyoming,53683,662,152,0
2021-02-20,Wyoming,53683,662,0,0
2021-02-21,Wyoming,53795,662,112,0
2021-02-22,Wyoming,53900,662,105,0
2021-02-23,Wyoming,53944,671,44,9
2021-02-24,Wyoming,53988,671,44,0
2021-02-25,Wyoming,54202,671,214,0
2021-02-26,Wyoming,54350,671,148,0
2021-02-27,Wyoming,54350,671,0,0
2021-02-28,Wyoming,54394,671,44,0
2021-03-01,Wyoming,54471,671,77,0
2021-03-02,Wyoming,54527,682,56,11
2021-03-03,Wyoming,54616,682,89,0
2021-03-04,Wyoming,54685,682,69,0
2021-03-05,Wyoming,54764,682,79,0
2021-03-06,Wyoming,54764,682,0,0
2021-03-07,Wyoming,54764,682,0,0
2021-03-08,Wyoming,54903,682,139,0
2021-03-09,Wyoming,54972,691,69,9
2021-03-10,Wyoming,55014,691,42,0
2021-03-11,Wyoming,55112,691,98,0
2021-03-12,Wyoming,55163,691,51,0
2021-03-13,Wyoming,55163,691,0,0
2021-03-14,Wyoming,55163,691,0,0
2021-03-15,Wyoming,55327,691,164,0
2021-03-16,Wyoming,55352,693,25,2
2021-03-17,Wyoming,55449,693,97,0
2021-03-18,Wyoming,55479,693,30,0
2021-03-19,Wyoming,55581,693,102,0
2021-03-20,Wyoming,55581,693,0,0
2021-03-21,Wyoming,55581,693,0,0
2021-03-22,Wyoming,55730,693,149,0
2021-03-23,Wyoming,55799,695,69,2
2021-03-24,Wyoming,55887,695,88,0
2021-03-25,Wyoming,55920,695,33,0
2021-03-26,Wyoming,56046,695,126,0
2021-03-27,Wyoming,56046,695,0,0
2021-03-28,Wyoming,56046,695,0,0
2021-03-29,Wyoming,56190,695,144,0
2021-03-30,Wyoming,56236,695,46,0
2021-03-31,Wyoming,56310,700,74,5
2021-04-01,Wyoming,56389,700,79,0
2021-04-02,Wyoming,56447,700,58,0
2021-04-03,Wyoming,56447,700,0,0
2021-04-04,Wyoming,56447,700,0,0
2021-04-05,Wyoming,56529,700,82,0
2021-04-06,Wyoming,56619,701,90,1
2021-04-07,Wyoming,56700,701,81,0
2021-04-08,Wyoming,56802,701,102,0
2021-04-09,Wyoming,56873,701,71,0
2021-04-10,Wyoming,56873,701,0,0
2021-04-11,Wyoming,56873,701,0,0
2021-04-12,Wyoming,56988,701,115,0
2021-04-13,Wyoming,57070,703,82,2
2021-04-14,Wyoming,57127,703,57,0
